1603820, 9438600, 2178310, 575350, 293880, 288440, 241570,----------------------------------------------------------------------------------------------------
14238730, 5543560, 1776480, 2310200, 578560, 281990, 289020,----------------------------------------------------------------------------------------------------
11317840, 8238520, 579960, 538790, 1000510, 99170, 217740,----------------------------------------------------------------------------------------------------
12496180, 8473070, 3884930, 742000, 560730, 90590, 173940,----------------------------------------------------------------------------------------------------
5217350, 8946190, 4877030, 1996180, 100390, 472180, 234060,----------------------------------------------------------------------------------------------------
4713730, 8866250, 2725790, 1763400, 350480, 515470, 149070,----------------------------------------------------------------------------------------------------
7488870, 9996700, 457820, 820870, 180570, 169460, 3490,----------------------------------------------------------------------------------------------------
16069130, 2994980, 795700, 440220, 1037440, 249470, 230,----------------------------------------------------------------------------------------------------
878740, 4844020, 2843710, 2205080, 891150, 42780, 105800,----------------------------------------------------------------------------------------------------
2235300, 110430, 4838390, 1321550, 754470, 307880, 246480,----------------------------------------------------------------------------------------------------
9103280, 5218770, 3622620, 1947530, 417660, 236020, 232020,----------------------------------------------------------------------------------------------------
1527580, 2492430, 4925000, 181280, 784650, 196720, 122080,----------------------------------------------------------------------------------------------------
13708470, 2471720, 2478340, 1682480, 1005210, 336580, 113680,----------------------------------------------------------------------------------------------------
1716850, 3335510, 3116610, 1543960, 643120, 34800, 181990,----------------------------------------------------------------------------------------------------
19157760, 6903800, 4490330, 1224700, 191230, 568320, 139200,----------------------------------------------------------------------------------------------------
5303870, 3292200, 4312730, 667800, 464820, 306680, 5710,----------------------------------------------------------------------------------------------------
9960730, 6156600, 3273390, 356100, 342960, 6960, 231640,----------------------------------------------------------------------------------------------------
9557050, 1451140, 1069730, 1464290, 175160, 584180, 53490,----------------------------------------------------------------------------------------------------
2885670, 8703390, 1967050, 629010, 1054720, 30880, 102630,----------------------------------------------------------------------------------------------------
12832090, 8112800, 867130, 862100, 1026090, 92460, 112210,----------------------------------------------------------------------------------------------------
8476220, 6648700, 4457110, 1810690, 802550, 81200, 31070,----------------------------------------------------------------------------------------------------
1597910, 930110, 4218190, 1628870, 489380, 518510, 190410,----------------------------------------------------------------------------------------------------
10095200, 668910, 4773030, 2125560, 477170, 296180, 305120,----------------------------------------------------------------------------------------------------
10598990, 5510830, 1654290, 2128430, 1210470, 571710, 262080,----------------------------------------------------------------------------------------------------
14607400, 5928980, 3553270, 473640, 1058970, 400020, 234640,----------------------------------------------------------------------------------------------------
19912020, 5212420, 674750, 513330, 1175940, 585830, 179560,----------------------------------------------------------------------------------------------------
119560, 6060350, 1903990, 285920, 472690, 284160, 45060,----------------------------------------------------------------------------------------------------
1466620, 5850100, 1885570, 1691510, 759190, 67190, 41190,----------------------------------------------------------------------------------------------------
7980110, 2670910, 4863610, 1190730, 484020, 495990, 301950,----------------------------------------------------------------------------------------------------
8329190, 6196430, 946140, 2200230, 757880, 578310, 155680,----------------------------------------------------------------------------------------------------
10156530, 3849590, 2438680, 2385380, 1109620, 409620, 264810,----------------------------------------------------------------------------------------------------
19935150, 2707470, 3090430, 2396220, 520070, 355140, 38660,----------------------------------------------------------------------------------------------------
7120330, 6491770, 1192420, 1232810, 976990, 378220, 273200,----------------------------------------------------------------------------------------------------
3173660, 3694180, 864280, 217310, 1012240, 860, 249710,----------------------------------------------------------------------------------------------------
1927000, 9014400, 4678110, 1189650, 921370, 545630, 294000,----------------------------------------------------------------------------------------------------
6977230, 924640, 3781190, 1809710, 223640, 609700, 264240,----------------------------------------------------------------------------------------------------
8351500, 67740, 54590, 639060, 266340, 426650, 19140,----------------------------------------------------------------------------------------------------
140140, 9927720, 820230, 133560, 568720, 10970, 257490,----------------------------------------------------------------------------------------------------
19852960, 2903650, 854450, 902800, 670270, 15370, 185990,----------------------------------------------------------------------------------------------------
5282800, 5131800, 1401230, 1006200, 47560, 451460, 242210,----------------------------------------------------------------------------------------------------
17240740, 2447760, 4537010, 411100, 983410, 222890, 13950,----------------------------------------------------------------------------------------------------
13958810, 3204550, 1340640, 1112240, 514590, 450020, 190080,----------------------------------------------------------------------------------------------------
1390330, 4409080, 1705760, 2185760, 1150880, 15920, 50820,----------------------------------------------------------------------------------------------------
4656480, 7990730, 2463160, 2178930, 425150, 109280, 86720,----------------------------------------------------------------------------------------------------
9801420, 4518750, 3767330, 1172170, 968220, 126210, 82410,----------------------------------------------------------------------------------------------------
7038400, 506550, 1524260, 263860, 342680, 346620, 44080,----------------------------------------------------------------------------------------------------
897410, 3956790, 2123470, 563300, 1002600, 278630, 271600,----------------------------------------------------------------------------------------------------
18714120, 2616310, 2952140, 835670, 274540, 306370, 87020,----------------------------------------------------------------------------------------------------
502060, 7639850, 680660, 719620, 25180, 71290, 120770,----------------------------------------------------------------------------------------------------
3316380, 1260820, 3603350, 1238610, 616690, 550700, 61540,----------------------------------------------------------------------------------------------------
8242350, 8657640, 681000, 1694190, 198610, 224280, 185800,----------------------------------------------------------------------------------------------------
2610, 5530470, 228880, 429950, 955060, 152720, 1870,----------------------------------------------------------------------------------------------------
6215450, 7893650, 1478150, 716820, 1233210, 509870, 268500,----------------------------------------------------------------------------------------------------
11141730, 432540, 1840310, 1900980, 637060, 523270, 296300,----------------------------------------------------------------------------------------------------
15089690, 6549570, 1573400, 650050, 1035650, 257150, 234770,----------------------------------------------------------------------------------------------------
14826410, 1351630, 3614720, 2393990, 1169680, 362790, 198610,----------------------------------------------------------------------------------------------------
2172930, 1451370, 561550, 1967450, 224040, 355530, 17810,----------------------------------------------------------------------------------------------------
1295260, 4726800, 2321610, 112130, 1083160, 449020, 131290,----------------------------------------------------------------------------------------------------
5826530, 2977740, 4299060, 2326740, 119700, 115650, 270640,----------------------------------------------------------------------------------------------------
10721690, 915950, 2268020, 2148160, 821990, 38680, 158880,----------------------------------------------------------------------------------------------------
440210, 9892130, 1615820, 689080, 170670, 572350, 159700,----------------------------------------------------------------------------------------------------
14166850, 2438710, 2168280, 1992710, 772790, 351400, 140470,----------------------------------------------------------------------------------------------------
6222410, 1480480, 2232320, 1149390, 205110, 195590, 110140,----------------------------------------------------------------------------------------------------
2019360, 3198350, 1767770, 1081490, 155210, 498910, 81800,----------------------------------------------------------------------------------------------------
3155960, 3875600, 2174630, 112840, 300780, 144730, 47560,----------------------------------------------------------------------------------------------------
19203620, 7664070, 240360, 1319180, 932720, 314450, 183980,----------------------------------------------------------------------------------------------------
3867940, 4161790, 4690760, 2162220, 1047930, 370, 178000,----------------------------------------------------------------------------------------------------
7744860, 4528790, 777620, 741510, 134610, 173980, 30340,----------------------------------------------------------------------------------------------------
17530390, 6070670, 3341080, 2258080, 1170080, 111500, 134350,----------------------------------------------------------------------------------------------------
13194020, 6958910, 149960, 1648920, 1056060, 471190, 232820,----------------------------------------------------------------------------------------------------
10109510, 1227340, 466690, 333100, 1204180, 536860, 17030,----------------------------------------------------------------------------------------------------
14488710, 6994830, 3415030, 735940, 365530, 361080, 44730,----------------------------------------------------------------------------------------------------
10921900, 8808400, 1837680, 1071680, 983010, 319990, 38070,----------------------------------------------------------------------------------------------------
4587210, 4550, 3023450, 940610, 1241470, 293690, 310120,----------------------------------------------------------------------------------------------------
18836810, 1455470, 479560, 75670, 498010, 63360, 48800,----------------------------------------------------------------------------------------------------
10638840, 6629680, 4716210, 809470, 317170, 576450, 30990,----------------------------------------------------------------------------------------------------
545940, 9347710, 2764380, 2038490, 357070, 214450, 80200,----------------------------------------------------------------------------------------------------
13949580, 3865540, 2653910, 1998330, 974010, 609050, 219820,----------------------------------------------------------------------------------------------------
14624410, 7501490, 4474600, 853850, 1216660, 507010, 292180,----------------------------------------------------------------------------------------------------
1543840, 7022700, 4248250, 1327990, 1029500, 297400, 244040,----------------------------------------------------------------------------------------------------
9957160, 3837740, 3599490, 269350, 624180, 86250, 53970,----------------------------------------------------------------------------------------------------
18941560, 176680, 3363660, 1482850, 537080, 28340, 138310,----------------------------------------------------------------------------------------------------
13480060, 5195400, 2775180, 1259410, 522870, 583800, 235480,----------------------------------------------------------------------------------------------------
16152110, 3463940, 3722490, 47300, 778000, 550880, 260140,----------------------------------------------------------------------------------------------------
370710, 4955490, 769530, 2425830, 801780, 91970, 310500,----------------------------------------------------------------------------------------------------
18847460, 8128830, 703360, 1890680, 257640, 619200, 175190,----------------------------------------------------------------------------------------------------
16817390, 1513500, 1804670, 280570, 52470, 15770, 71080,----------------------------------------------------------------------------------------------------
14882350, 1680260, 3747300, 2437140, 49600, 623340, 300310,----------------------------------------------------------------------------------------------------
16121370, 5682390, 3729980, 1157920, 140880, 264220, 179450,----------------------------------------------------------------------------------------------------
3127120, 3635040, 4598820, 265130, 1050420, 375390, 119900,----------------------------------------------------------------------------------------------------
5052630, 9338820, 3337300, 444910, 381070, 12400, 22300,----------------------------------------------------------------------------------------------------
11104520, 4956340, 1869560, 1599750, 610960, 6190, 24220,----------------------------------------------------------------------------------------------------
7989470, 8553500, 1659750, 1836730, 837050, 571100, 149020,----------------------------------------------------------------------------------------------------
13974840, 2155700, 2522050, 1220970, 808130, 620800, 144810,----------------------------------------------------------------------------------------------------
1393190, 6775680, 2136610, 1553820, 197060, 56320, 293830,----------------------------------------------------------------------------------------------------
3913620, 8091280, 3462340, 887400, 3190, 590850, 305440,----------------------------------------------------------------------------------------------------
1067530, 16890, 1812330, 1432330, 643570, 535450, 216930,----------------------------------------------------------------------------------------------------
5971660, 9984720, 706140, 1014360, 404090, 395830, 258830,----------------------------------------------------------------------------------------------------
10974150, 2621060, 1983250, 974940, 703710, 76020, 54270,----------------------------------------------------------------------------------------------------
708430, 4686270, 61650, 797910, 89250, 570930, 258990,----------------------------------------------------------------------------------------------------
11569190, 152200, 3516050, 2267910, 1040710, 60630, 290280,----------------------------------------------------------------------------------------------------
19804760, 5864440, 4082590, 1824790, 297750, 197960, 243720,----------------------------------------------------------------------------------------------------
126100, 9223540, 3719050, 1423610, 715900, 88410, 78830,----------------------------------------------------------------------------------------------------
10213600, 5978150, 4408990, 1853910, 911870, 199330, 122250,----------------------------------------------------------------------------------------------------
12192170, 6227060, 316040, 899430, 1143390, 581270, 119500,----------------------------------------------------------------------------------------------------
11788450, 5723420, 3555120, 1233040, 780210, 195370, 200980,----------------------------------------------------------------------------------------------------
11389120, 2146960, 4319730, 1775380, 898630, 617330, 79630,----------------------------------------------------------------------------------------------------
7983320, 5711670, 4057730, 2253700, 653480, 601200, 48710,----------------------------------------------------------------------------------------------------
16540800, 4453670, 2278690, 1788850, 811700, 324370, 154400,----------------------------------------------------------------------------------------------------
14648400, 6278410, 1301850, 41080, 240760, 583540, 261630,----------------------------------------------------------------------------------------------------
5520730, 7384030, 1662210, 801810, 756870, 198810, 83390,----------------------------------------------------------------------------------------------------
16670550, 5599190, 682810, 976970, 1133850, 595160, 113050,----------------------------------------------------------------------------------------------------
2193140, 4487330, 3150980, 372180, 1153960, 176260, 39580,----------------------------------------------------------------------------------------------------
1848200, 5544960, 741280, 365050, 1012920, 170290, 272950,----------------------------------------------------------------------------------------------------
2513540, 3274620, 1426840, 990600, 852720, 484250, 78470,----------------------------------------------------------------------------------------------------
4676020, 8551420, 3595420, 1599870, 799510, 87640, 41820,----------------------------------------------------------------------------------------------------
17898510, 1385350, 3509770, 247120, 854260, 377470, 274110,----------------------------------------------------------------------------------------------------
66150, 5085170, 658300, 1254130, 524500, 499460, 267360,----------------------------------------------------------------------------------------------------
15519330, 4463890, 4785540, 461800, 664430, 25190, 185560,----------------------------------------------------------------------------------------------------
7630930, 1734430, 4816070, 1645800, 1216540, 416060, 268160,----------------------------------------------------------------------------------------------------
8403180, 6208280, 2286480, 399020, 990310, 31020, 63190,----------------------------------------------------------------------------------------------------
14356330, 8277690, 111120, 2216290, 577470, 415950, 47080,----------------------------------------------------------------------------------------------------
15573650, 7713250, 3020890, 2025120, 102190, 287890, 305050,----------------------------------------------------------------------------------------------------
2980750, 2713050, 3919230, 1916760, 293210, 380760, 148320,----------------------------------------------------------------------------------------------------
9425570, 7908340, 3169480, 692890, 44160, 494700, 197710,----------------------------------------------------------------------------------------------------
11202930, 9468070, 2610190, 2366610, 334500, 289750, 160810,----------------------------------------------------------------------------------------------------
12006310, 8861130, 669830, 2432620, 459540, 232730, 297990,----------------------------------------------------------------------------------------------------
11308550, 5750480, 2950390, 820860, 137440, 441480, 269670,----------------------------------------------------------------------------------------------------
18800770, 7978160, 4651090, 599010, 1069180, 76810, 188070,----------------------------------------------------------------------------------------------------
8815530, 1730660, 1143870, 1625920, 814550, 86020, 127710,----------------------------------------------------------------------------------------------------
10690810, 7672780, 805230, 2072330, 376970, 478420, 39140,----------------------------------------------------------------------------------------------------
15168140, 6619290, 2659640, 753470, 768920, 562400, 136530,----------------------------------------------------------------------------------------------------
3705830, 1917860, 2625590, 1308600, 607440, 152030, 216350,----------------------------------------------------------------------------------------------------
3449820, 2324930, 654150, 2335650, 817440, 67060, 184100,----------------------------------------------------------------------------------------------------
17524190, 9201190, 52500, 1879870, 1026030, 275460, 155570,----------------------------------------------------------------------------------------------------
18671260, 1032860, 2181860, 1004910, 1068250, 180090, 300980,----------------------------------------------------------------------------------------------------
8297750, 4794180, 4123630, 2071420, 276500, 580030, 186900,----------------------------------------------------------------------------------------------------
7733320, 3507590, 4808650, 1296190, 994850, 521790, 149380,----------------------------------------------------------------------------------------------------
18489840, 6857460, 15460, 2360490, 31450, 195050, 66620,----------------------------------------------------------------------------------------------------
11920960, 2369330, 13800, 920010, 1119380, 510580, 259320,----------------------------------------------------------------------------------------------------
18449610, 3618910, 3751900, 1384710, 916050, 184890, 197480,----------------------------------------------------------------------------------------------------
7286130, 3670370, 4587150, 2073340, 369810, 255990, 62180,----------------------------------------------------------------------------------------------------
14722100, 7164000, 1600280, 293790, 925940, 483610, 222000,----------------------------------------------------------------------------------------------------
9641780, 7312300, 446490, 2382870, 101030, 595430, 226340,----------------------------------------------------------------------------------------------------
15311810, 640780, 2973300, 898040, 1057350, 470210, 96050,----------------------------------------------------------------------------------------------------
6004100, 239120, 3023150, 1185400, 119750, 249210, 156820,----------------------------------------------------------------------------------------------------
18784320, 2433680, 276250, 477170, 499780, 322120, 14690,----------------------------------------------------------------------------------------------------
15068280, 242260, 2531340, 2016440, 1212030, 564450, 190110,----------------------------------------------------------------------------------------------------
10435480, 7789120, 3050090, 1939240, 595130, 201390, 209250,----------------------------------------------------------------------------------------------------
9596870, 3007110, 1030850, 1666270, 246130, 99110, 93830,----------------------------------------------------------------------------------------------------
8305260, 6758800, 1018690, 983220, 59670, 409180, 138900,----------------------------------------------------------------------------------------------------
12071030, 2897720, 4481240, 2002290, 667050, 503710, 102730,----------------------------------------------------------------------------------------------------
9809310, 7860930, 4680580, 309540, 771440, 277720, 196860,----------------------------------------------------------------------------------------------------
15667380, 1579670, 4491430, 1042080, 656050, 565080, 139730,----------------------------------------------------------------------------------------------------
13154140, 1567610, 2184200, 2402240, 585830, 25310, 144960,----------------------------------------------------------------------------------------------------
6454610, 1330750, 2810970, 407430, 620800, 182820, 127500,----------------------------------------------------------------------------------------------------
10785840, 8200280, 2378960, 1529850, 228020, 517900, 276100,----------------------------------------------------------------------------------------------------
8954110, 8598670, 3087940, 2458680, 956010, 361610, 153290,----------------------------------------------------------------------------------------------------
11717760, 737930, 1983140, 255330, 207540, 582800, 301150,----------------------------------------------------------------------------------------------------
6521010, 9774830, 4235800, 1335040, 1048830, 499830, 51760,----------------------------------------------------------------------------------------------------
9406520, 6772320, 2080650, 2214370, 1037990, 25710, 271380,----------------------------------------------------------------------------------------------------
12399300, 7668000, 4629820, 228580, 809670, 521430, 106020,----------------------------------------------------------------------------------------------------
2145940, 9424640, 1293310, 852350, 348480, 297770, 20350,----------------------------------------------------------------------------------------------------
7477330, 28870, 2389090, 838210, 557360, 191760, 147970,----------------------------------------------------------------------------------------------------
16595470, 5607490, 1579940, 1983810, 629520, 236870, 106450,----------------------------------------------------------------------------------------------------
17641090, 6704050, 691660, 1742420, 1115360, 262170, 24710,----------------------------------------------------------------------------------------------------
6903970, 9555650, 3027230, 582800, 983500, 49330, 251760,----------------------------------------------------------------------------------------------------
17204850, 2301400, 187200, 309390, 423770, 291400, 205820,----------------------------------------------------------------------------------------------------
19765290, 1264910, 4454640, 686290, 341540, 303660, 50780,----------------------------------------------------------------------------------------------------
14770530, 8294520, 290960, 426800, 91270, 18300, 133650,----------------------------------------------------------------------------------------------------
11783210, 1674120, 3052680, 1184180, 989650, 497300, 28660,----------------------------------------------------------------------------------------------------
2242760, 5540360, 3379450, 1692300, 182150, 16110, 212810,----------------------------------------------------------------------------------------------------
11786510, 657850, 3153660, 377890, 270610, 150270, 31050,----------------------------------------------------------------------------------------------------
11699710, 7408880, 3300790, 1577590, 323340, 614500, 220170,----------------------------------------------------------------------------------------------------
15912070, 3060650, 2535120, 931940, 1120020, 339580, 109360,----------------------------------------------------------------------------------------------------
4948600, 8302090, 2878450, 1642850, 748870, 118610, 25930,----------------------------------------------------------------------------------------------------
8046530, 976470, 3687010, 1146470, 160690, 247620, 218600,----------------------------------------------------------------------------------------------------
15274090, 5472840, 1653960, 546630, 1017560, 19020, 301330,----------------------------------------------------------------------------------------------------
19055550, 8398540, 406900, 2490730, 427130, 10080, 228270,----------------------------------------------------------------------------------------------------
9254750, 9341470, 883370, 1020960, 685980, 541190, 93420,----------------------------------------------------------------------------------------------------
11789520, 4552560, 3245940, 177890, 19790, 214410, 217030,----------------------------------------------------------------------------------------------------
10984890, 5012550, 1061090, 670030, 264960, 131020, 221330,----------------------------------------------------------------------------------------------------
15741670, 6216220, 597920, 1200330, 1044450, 525880, 15850,----------------------------------------------------------------------------------------------------
11880100, 2105500, 4539670, 2376110, 982200, 405580, 283650,----------------------------------------------------------------------------------------------------
16982300, 4518140, 3598690, 472580, 753050, 535760, 300370,----------------------------------------------------------------------------------------------------
6572400, 1489040, 178420, 2435440, 978180, 266030, 291160,----------------------------------------------------------------------------------------------------
3632280, 6149660, 3109980, 2422420, 236380, 161740, 260970,----------------------------------------------------------------------------------------------------
6984900, 759530, 2267050, 89690, 600380, 381760, 231900,----------------------------------------------------------------------------------------------------
13027490, 7203420, 4161440, 1764650, 302780, 306660, 206010,----------------------------------------------------------------------------------------------------
9192180, 2152120, 2411250, 1855420, 494700, 108490, 279030,----------------------------------------------------------------------------------------------------
17547650, 5643810, 3518340, 1266380, 795870, 575780, 22390,----------------------------------------------------------------------------------------------------
14358820, 1169600, 3620790, 1294390, 278070, 119760, 109170,----------------------------------------------------------------------------------------------------
2631870, 4792940, 3148930, 2112170, 734920, 466760, 111450,----------------------------------------------------------------------------------------------------
14343680, 1688810, 3233010, 1407480, 163850, 549190, 185980,----------------------------------------------------------------------------------------------------
3193930, 2976400, 3320990, 1383580, 827750, 105060, 6380,----------------------------------------------------------------------------------------------------
5319400, 9771260, 3985860, 818430, 1112890, 74240, 174170,----------------------------------------------------------------------------------------------------
13426430, 9862390, 4015930, 1388950, 3180, 454450, 17690,----------------------------------------------------------------------------------------------------
19051810, 8311760, 3617110, 1730110, 800940, 402310, 60500,----------------------------------------------------------------------------------------------------
15058130, 9166690, 581680, 2204590, 1193400, 382620, 192960,----------------------------------------------------------------------------------------------------
9375880, 9296040, 128190, 341910, 989110, 313220, 139740,----------------------------------------------------------------------------------------------------
3823130, 3276750, 2266740, 2156060, 128970, 277190, 27860,----------------------------------------------------------------------------------------------------
12018210, 4904740, 314010, 1178530, 5740, 76090, 84570,----------------------------------------------------------------------------------------------------
4623070, 4088650, 4913900, 1158580, 956980, 441570, 71870,----------------------------------------------------------------------------------------------------
14452420, 3717310, 1949160, 833130, 398670, 340450, 277610,----------------------------------------------------------------------------------------------------
8761220, 5385810, 2275920, 485510, 353690, 31810, 9370,----------------------------------------------------------------------------------------------------
16433250, 3813370, 731690, 1444460, 47280, 617860, 43800,----------------------------------------------------------------------------------------------------
18271850, 8649520, 442880, 48640, 1169860, 188010, 55270,----------------------------------------------------------------------------------------------------
6409970, 5369560, 1479490, 608260, 789630, 83940, 221450,----------------------------------------------------------------------------------------------------
18300710, 1155570, 4513720, 1815130, 1235910, 428020, 41550,----------------------------------------------------------------------------------------------------
3494660, 5319380, 4647010, 1143140, 1144030, 348010, 13210,----------------------------------------------------------------------------------------------------
15450480, 5714600, 2263990, 1609760, 28070, 532130, 308540,----------------------------------------------------------------------------------------------------
734490, 7000620, 1741080, 703900, 910710, 424490, 81180,----------------------------------------------------------------------------------------------------
10801230, 9483570, 2376210, 174770, 404840, 453770, 216140,----------------------------------------------------------------------------------------------------
15526800, 2155070, 2556390, 328120, 763970, 602850, 93920,----------------------------------------------------------------------------------------------------
8778630, 8254470, 571660, 61460, 713690, 541970, 251130,----------------------------------------------------------------------------------------------------
916450, 1162810, 1158070, 1002870, 76350, 307750, 153490,----------------------------------------------------------------------------------------------------
17138860, 9657700, 2030120, 1286970, 153570, 307840, 18170,----------------------------------------------------------------------------------------------------
12433390, 4478790, 3499080, 2326140, 76360, 100010, 302860,----------------------------------------------------------------------------------------------------
15555820, 5089120, 4115890, 2051780, 373090, 456770, 119340,----------------------------------------------------------------------------------------------------
19292230, 4816450, 4627120, 2292590, 328050, 310060, 261660,----------------------------------------------------------------------------------------------------
16928280, 2668960, 4467080, 1245350, 1122070, 264670, 155250,----------------------------------------------------------------------------------------------------
8295070, 920720, 4910960, 1822640, 500900, 110440, 291840,----------------------------------------------------------------------------------------------------
15817680, 5457360, 3003750, 885090, 21870, 19030, 131190,----------------------------------------------------------------------------------------------------
12209040, 2313390, 4575930, 2186610, 623010, 361350, 93260,----------------------------------------------------------------------------------------------------
12320170, 637640, 3493640, 1138850, 39730, 576880, 139090,----------------------------------------------------------------------------------------------------
5665710, 3453000, 319570, 1949960, 569980, 220110, 208140,----------------------------------------------------------------------------------------------------
15068130, 4051000, 3568250, 1486910, 650050, 468670, 186790,----------------------------------------------------------------------------------------------------
347330, 4414610, 4023190, 179490, 418580, 177650, 261150,----------------------------------------------------------------------------------------------------
6795060, 9507240, 3817590, 1427210, 965210, 573700, 239730,----------------------------------------------------------------------------------------------------
2901820, 3326450, 370330, 914960, 166710, 169620, 11190,----------------------------------------------------------------------------------------------------
9214600, 8698260, 1362520, 25530, 633370, 443160, 307440,----------------------------------------------------------------------------------------------------
4331600, 1232930, 1490590, 640060, 1233620, 580650, 210180,----------------------------------------------------------------------------------------------------
10999220, 4844470, 488450, 569110, 108470, 276910, 33360,----------------------------------------------------------------------------------------------------
6113010, 1495200, 192730, 1693350, 746540, 79840, 90490,----------------------------------------------------------------------------------------------------
11390860, 915440, 2753060, 481740, 437530, 315440, 177900,----------------------------------------------------------------------------------------------------
1656720, 9830960, 4203200, 619070, 1136330, 235000, 288990,----------------------------------------------------------------------------------------------------
11961650, 1123570, 3240280, 1537430, 372320, 535290, 200760,----------------------------------------------------------------------------------------------------
6416450, 5690820, 3169970, 882140, 641590, 178590, 170930,----------------------------------------------------------------------------------------------------
1187150, 2285850, 3629450, 1556990, 826560, 397750, 127380,----------------------------------------------------------------------------------------------------
13786320, 386910, 1685270, 2128150, 8160, 290640, 42990,----------------------------------------------------------------------------------------------------
7506290, 6381920, 2090390, 1069200, 983850, 295410, 196740,----------------------------------------------------------------------------------------------------
12867180, 6322170, 1949290, 1438430, 609190, 69770, 93560,----------------------------------------------------------------------------------------------------
3168790, 151380, 3119190, 2463740, 1014890, 255510, 256130,----------------------------------------------------------------------------------------------------
8565200, 5779050, 1012260, 1939450, 510580, 17150, 18690,----------------------------------------------------------------------------------------------------
8229800, 4988440, 4712990, 1907360, 403460, 324530, 226760,----------------------------------------------------------------------------------------------------
4500590, 248110, 1281340, 10610, 783920, 231250, 2820,----------------------------------------------------------------------------------------------------
14864260, 6445820, 4794840, 795880, 656160, 201550, 119020,----------------------------------------------------------------------------------------------------
7380380, 7968300, 822850, 616190, 502150, 347520, 146770,----------------------------------------------------------------------------------------------------
6732760, 9425210, 4724330, 1480960, 342210, 284310, 8300,----------------------------------------------------------------------------------------------------
10368090, 1880580, 3474400, 2148330, 553620, 195560, 76120,----------------------------------------------------------------------------------------------------
10992120, 7767110, 4612750, 1593320, 202920, 553530, 73890,----------------------------------------------------------------------------------------------------
14354520, 5572380, 617200, 614770, 1174620, 493390, 296310,----------------------------------------------------------------------------------------------------
530880, 9957460, 515940, 2129160, 96850, 547020, 11060,----------------------------------------------------------------------------------------------------
6984840, 4673220, 78570, 799690, 983290, 333890, 279230,----------------------------------------------------------------------------------------------------
6810720, 3095530, 3614390, 1106610, 1041190, 451040, 159180,----------------------------------------------------------------------------------------------------
9374130, 494460, 561480, 707640, 1030570, 117620, 58060,----------------------------------------------------------------------------------------------------
9455060, 267540, 2253500, 278100, 746110, 345070, 41390,----------------------------------------------------------------------------------------------------
9998960, 1988250, 1623290, 1887700, 788730, 209390, 130430,----------------------------------------------------------------------------------------------------
15279630, 5424340, 2404080, 2068890, 11480, 21930, 70980,----------------------------------------------------------------------------------------------------
6789490, 3214470, 4789200, 2004440, 54330, 146740, 68190,----------------------------------------------------------------------------------------------------
5003780, 959940, 4942220, 2155250, 316960, 175440, 23440,----------------------------------------------------------------------------------------------------
14289470, 7078360, 4628020, 1866910, 1230810, 440020, 46800,----------------------------------------------------------------------------------------------------
184590, 2600110, 2717170, 725730, 780870, 531040, 274530,----------------------------------------------------------------------------------------------------
2269440, 3639570, 1678860, 162400, 773820, 513880, 44550,----------------------------------------------------------------------------------------------------
13939010, 2307460, 990600, 578160, 641040, 595390, 164560,----------------------------------------------------------------------------------------------------
2446090, 1795910, 2446210, 681430, 172130, 43450, 108460,----------------------------------------------------------------------------------------------------
7643470, 1674540, 4464720, 664510, 694840, 301830, 58400,----------------------------------------------------------------------------------------------------
16967350, 8108910, 547230, 867110, 31430, 53330, 104240,----------------------------------------------------------------------------------------------------
419190, 9399030, 3328800, 2067140, 598170, 36770, 177730,----------------------------------------------------------------------------------------------------
3582890, 6197960, 4748590, 1014760, 398500, 270100, 85370,----------------------------------------------------------------------------------------------------
2239800, 4059820, 2362890, 37910, 737330, 4520, 209250,----------------------------------------------------------------------------------------------------
1777390, 6029850, 1230380, 1122090, 147590, 318960, 151250,----------------------------------------------------------------------------------------------------
15633000, 251550, 3366470, 208870, 926880, 314440, 72000,----------------------------------------------------------------------------------------------------
11033920, 8140050, 794880, 1579190, 540860, 620690, 287400,----------------------------------------------------------------------------------------------------
1770270, 5722580, 4653720, 1046260, 112710, 208400, 156210,----------------------------------------------------------------------------------------------------
10044820, 3292030, 1521670, 534450, 1155050, 88670, 178150,----------------------------------------------------------------------------------------------------
18707100, 4792900, 4731240, 876460, 863930, 524580, 303760,----------------------------------------------------------------------------------------------------
8492730, 2469490, 4724690, 1288980, 462300, 93520, 6640,----------------------------------------------------------------------------------------------------
14287490, 5583330, 2323740, 624750, 490850, 159930, 277310,----------------------------------------------------------------------------------------------------
10938540, 9983450, 1185980, 1513330, 907930, 484220, 159210,----------------------------------------------------------------------------------------------------
6340210, 2652300, 3634770, 1976880, 445570, 543040, 302410,----------------------------------------------------------------------------------------------------
6829460, 5127650, 1753220, 2008470, 1033740, 596780, 55800,----------------------------------------------------------------------------------------------------
3430710, 9625890, 4640740, 1376560, 212070, 235390, 214380,----------------------------------------------------------------------------------------------------
16853200, 9360520, 632700, 2036680, 359260, 39150, 8500,----------------------------------------------------------------------------------------------------
1845950, 5940870, 3272180, 1992500, 316230, 432990, 42670,----------------------------------------------------------------------------------------------------
9480500, 3407360, 1264860, 1435410, 1207290, 584300, 221510,----------------------------------------------------------------------------------------------------
3280660, 2793180, 3705700, 516100, 9320, 511820, 250210,----------------------------------------------------------------------------------------------------
12465360, 229460, 3038330, 1699890, 439090, 404020, 98340,----------------------------------------------------------------------------------------------------
176720, 3233100, 3494320, 364260, 80210, 168320, 139000,----------------------------------------------------------------------------------------------------
19337420, 977510, 47450, 1855500, 551070, 246020, 74690,----------------------------------------------------------------------------------------------------
8169870, 2354780, 4855230, 365720, 576350, 131490, 90430,----------------------------------------------------------------------------------------------------
6683250, 1132290, 1442870, 1354050, 617630, 367160, 205880,----------------------------------------------------------------------------------------------------
12836560, 4346230, 2620760, 1467120, 351520, 586850, 294430,----------------------------------------------------------------------------------------------------
14967110, 9628870, 1196940, 1562870, 514980, 437360, 85990,----------------------------------------------------------------------------------------------------
9691310, 2751930, 301300, 292950, 535470, 544740, 271490,----------------------------------------------------------------------------------------------------
5424860, 3308500, 808470, 1309630, 556980, 429090, 33780,----------------------------------------------------------------------------------------------------
15828140, 982980, 1362590, 984230, 696580, 318230, 282270,----------------------------------------------------------------------------------------------------
16648390, 9833050, 3163900, 1760320, 222600, 123470, 119890,----------------------------------------------------------------------------------------------------
1730630, 6365580, 826650, 104530, 581970, 254320, 75160,----------------------------------------------------------------------------------------------------
9240600, 4153900, 1450470, 988310, 66570, 159960, 88040,----------------------------------------------------------------------------------------------------
19629180, 9067640, 2275800, 979970, 1156120, 74520, 49130,----------------------------------------------------------------------------------------------------
12303470, 262060, 3522150, 1602700, 707530, 64510, 289810,----------------------------------------------------------------------------------------------------
19719230, 6145170, 767680, 1893010, 162660, 93590, 302890,----------------------------------------------------------------------------------------------------
12907490, 5109190, 3933680, 565730, 897200, 115970, 65390,----------------------------------------------------------------------------------------------------
11676930, 9116280, 54360, 732550, 277830, 325940, 241670,----------------------------------------------------------------------------------------------------
11286140, 7199720, 3494170, 1755880, 676260, 186490, 126830,----------------------------------------------------------------------------------------------------
19822560, 6129930, 489720, 2427280, 235670, 47570, 291470,----------------------------------------------------------------------------------------------------
15585650, 5902450, 2311730, 413370, 474650, 152680, 11620,----------------------------------------------------------------------------------------------------
11851510, 3197870, 2439340, 2323870, 268010, 433430, 53040,----------------------------------------------------------------------------------------------------
5893870, 938580, 3203140, 604340, 1077400, 157340, 212410,----------------------------------------------------------------------------------------------------
7042160, 4852340, 3936010, 1521120, 1081230, 272860, 204900,----------------------------------------------------------------------------------------------------
6519140, 1772870, 3784430, 382390, 802950, 225200, 229500,----------------------------------------------------------------------------------------------------
14695060, 9250270, 2000930, 1377430, 80680, 557900, 250540,----------------------------------------------------------------------------------------------------
12696700, 6402030, 3041970, 224170, 1154990, 587140, 156780,----------------------------------------------------------------------------------------------------
2077740, 8516030, 1898450, 2495030, 788080, 360450, 31890,----------------------------------------------------------------------------------------------------
15258540, 1201800, 4507370, 1550800, 526870, 48730, 260950,----------------------------------------------------------------------------------------------------
17310830, 2744910, 2360330, 496400, 21270, 111800, 50160,----------------------------------------------------------------------------------------------------
6724160, 4227630, 2036680, 2290910, 635920, 612840, 40810,----------------------------------------------------------------------------------------------------
6772380, 1066300, 2369880, 2448720, 399640, 64670, 198770,----------------------------------------------------------------------------------------------------
7982670, 9958760, 550230, 336760, 388380, 208000, 20910,----------------------------------------------------------------------------------------------------
18324610, 4825330, 1285290, 288820, 83640, 463270, 35970,----------------------------------------------------------------------------------------------------
2343070, 1630220, 357630, 2064430, 573960, 399080, 50260,----------------------------------------------------------------------------------------------------
6361840, 7879790, 2160610, 2016570, 1243260, 316140, 201170,----------------------------------------------------------------------------------------------------
5766780, 9012610, 724170, 1194730, 729150, 370570, 258720,----------------------------------------------------------------------------------------------------
10205970, 9762770, 4217340, 1308820, 1155260, 443560, 304200,----------------------------------------------------------------------------------------------------
12102250, 6007900, 4504350, 2476690, 1099890, 198570, 134130,----------------------------------------------------------------------------------------------------
3192690, 1854670, 4702930, 1921900, 420970, 561030, 40000,----------------------------------------------------------------------------------------------------
2827060, 1356920, 436870, 428780, 681010, 580860, 194810,----------------------------------------------------------------------------------------------------
9928030, 8398380, 548920, 1291640, 1147830, 506260, 79840,----------------------------------------------------------------------------------------------------
7843640, 6481560, 1016100, 362870, 337920, 67650, 81360,----------------------------------------------------------------------------------------------------
11292760, 1683650, 1064830, 1330480, 770720, 497170, 238300,----------------------------------------------------------------------------------------------------
19119980, 9775640, 1729280, 2152700, 267880, 8890, 204320,----------------------------------------------------------------------------------------------------
17148120, 3027070, 1825660, 1333320, 736070, 459620, 283300,----------------------------------------------------------------------------------------------------
3782690, 3247570, 4545100, 2204670, 49620, 26140, 238870,----------------------------------------------------------------------------------------------------
10808110, 7878930, 3994970, 982300, 91950, 513840, 249840,----------------------------------------------------------------------------------------------------
491610, 8226780, 3046530, 347610, 926760, 177470, 310010,----------------------------------------------------------------------------------------------------
2860990, 6850940, 1827850, 533100, 598560, 42090, 237590,----------------------------------------------------------------------------------------------------
15590230, 6300770, 2455410, 1817120, 71000, 82440, 212340,----------------------------------------------------------------------------------------------------
3234660, 9247790, 3542960, 370100, 408600, 255400, 21240,----------------------------------------------------------------------------------------------------
6890160, 3956130, 454230, 1657050, 721440, 552410, 41920,----------------------------------------------------------------------------------------------------
1431670, 3038980, 1728830, 2345020, 872350, 208810, 186740,----------------------------------------------------------------------------------------------------
13837400, 9926960, 4330580, 1135530, 305930, 323710, 51780,----------------------------------------------------------------------------------------------------
10826420, 9021890, 219960, 469170, 170860, 29000, 29860,----------------------------------------------------------------------------------------------------
13744250, 5423580, 3915250, 1723140, 94290, 409090, 283250,----------------------------------------------------------------------------------------------------
5845680, 1566970, 650050, 352380, 1036790, 583390, 275310,----------------------------------------------------------------------------------------------------
7210100, 433600, 1911670, 1797060, 557210, 105630, 206250,----------------------------------------------------------------------------------------------------
17878440, 8123240, 436310, 399170, 59180, 539400, 11430,----------------------------------------------------------------------------------------------------
5626570, 4067910, 3912220, 753140, 1045460, 299980, 152320,----------------------------------------------------------------------------------------------------
4563890, 5430320, 39060, 2250810, 630340, 212960, 283720,----------------------------------------------------------------------------------------------------
13803620, 1203280, 1073540, 2466150, 748830, 311570, 277690,----------------------------------------------------------------------------------------------------
5498160, 2859420, 4513960, 2435460, 1235230, 71890, 68710,----------------------------------------------------------------------------------------------------
10758780, 3676120, 2696750, 297870, 1198700, 376620, 283440,----------------------------------------------------------------------------------------------------
17699250, 6707340, 3452160, 2467230, 372250, 537030, 69020,----------------------------------------------------------------------------------------------------
15485990, 4118970, 977200, 318830, 556690, 217550, 69320,----------------------------------------------------------------------------------------------------
14455500, 7761330, 3452650, 1111420, 980280, 108980, 58420,----------------------------------------------------------------------------------------------------
16481680, 2147080, 1555320, 1691190, 134220, 223790, 161930,----------------------------------------------------------------------------------------------------
6042800, 7650140, 2975950, 1573490, 193220, 356540, 98980,----------------------------------------------------------------------------------------------------
5370450, 3656650, 3793590, 997380, 1100220, 139230, 90740,----------------------------------------------------------------------------------------------------
171890, 3867980, 2077800, 2368310, 160750, 52780, 88220,----------------------------------------------------------------------------------------------------
7379200, 1144560, 4356790, 249020, 873880, 169660, 43620,----------------------------------------------------------------------------------------------------
12793940, 7851010, 4931500, 1200070, 923470, 77200, 118370,----------------------------------------------------------------------------------------------------
6256370, 4280420, 18290, 306820, 1157020, 218950, 308950,----------------------------------------------------------------------------------------------------
1645500, 3063450, 1894910, 147680, 631600, 451710, 116280,----------------------------------------------------------------------------------------------------
16166280, 5668070, 2773280, 1678310, 227120, 25940, 190300,----------------------------------------------------------------------------------------------------
19376870, 6625140, 3108170, 2359430, 335720, 46350, 190500,----------------------------------------------------------------------------------------------------
14787880, 4831230, 2098670, 929320, 164500, 620610, 206240,----------------------------------------------------------------------------------------------------
18152000, 6851580, 1934410, 255800, 507220, 140620, 174310,----------------------------------------------------------------------------------------------------
9003680, 4836400, 3777030, 1441400, 203730, 188910, 190380,----------------------------------------------------------------------------------------------------
16769680, 807610, 2892090, 1250650, 475370, 384650, 283530,----------------------------------------------------------------------------------------------------
9161000, 1189940, 3638030, 1396830, 297920, 577450, 243260,----------------------------------------------------------------------------------------------------
7960990, 7170780, 1987300, 2058120, 12620, 5870, 151290,----------------------------------------------------------------------------------------------------
18682690, 7307850, 1912160, 167750, 145530, 620990, 65120,----------------------------------------------------------------------------------------------------
661580, 6588310, 1018360, 1765270, 993980, 14480, 229770,----------------------------------------------------------------------------------------------------
10440300, 3990810, 439280, 1765930, 270410, 334720, 294570,----------------------------------------------------------------------------------------------------
19957990, 830240, 1858190, 2205990, 922450, 244830, 252740,----------------------------------------------------------------------------------------------------
6963300, 237530, 2161090, 2088990, 558310, 565320, 178870,----------------------------------------------------------------------------------------------------
19317290, 2876100, 1099070, 70, 1244250, 281100, 27610,----------------------------------------------------------------------------------------------------
3246160, 6808230, 3173140, 1252420, 719150, 28280, 85170,----------------------------------------------------------------------------------------------------
8580420, 2824620, 2441640, 1201040, 956330, 509100, 96470,----------------------------------------------------------------------------------------------------
3094930, 3329080, 2503890, 204960, 816340, 123600, 258170,----------------------------------------------------------------------------------------------------
1396100, 5771310, 2960220, 2445940, 878830, 464780, 66600,----------------------------------------------------------------------------------------------------
14104270, 3631690, 874700, 1615560, 250600, 495700, 232100,----------------------------------------------------------------------------------------------------
9889510, 9458370, 1707770, 460320, 191290, 353630, 121730,----------------------------------------------------------------------------------------------------
19733190, 4777400, 834950, 1550610, 505530, 350940, 36940,----------------------------------------------------------------------------------------------------
1384060, 9054100, 3022570, 2066730, 1030930, 177780, 48420,----------------------------------------------------------------------------------------------------
12732200, 7699220, 2574780, 1805720, 1058200, 87130, 36130,----------------------------------------------------------------------------------------------------
18171010, 2664470, 1123400, 84430, 419050, 458070, 166490,----------------------------------------------------------------------------------------------------
13826730, 6343400, 720840, 1345050, 393430, 26580, 54650,----------------------------------------------------------------------------------------------------
5975090, 4671820, 76640, 877020, 1114260, 110090, 163090,----------------------------------------------------------------------------------------------------
15602340, 34810, 1998890, 1703670, 692560, 65750, 205260,----------------------------------------------------------------------------------------------------
5091750, 5221080, 44210, 790360, 482560, 554980, 310850,----------------------------------------------------------------------------------------------------
11080110, 9237390, 2605790, 2306890, 259290, 300200, 146520,----------------------------------------------------------------------------------------------------
6861330, 8972040, 2298180, 775630, 392840, 95410, 71890,----------------------------------------------------------------------------------------------------
16826600, 6194380, 86090, 747520, 137330, 413790, 93680,----------------------------------------------------------------------------------------------------
5810480, 3374610, 4566930, 1056460, 613420, 196440, 232980,----------------------------------------------------------------------------------------------------
2620220, 8069010, 2125800, 966810, 572350, 186140, 311160,----------------------------------------------------------------------------------------------------
16142380, 3191930, 727980, 1209860, 707320, 578590, 302380,----------------------------------------------------------------------------------------------------
3638430, 183220, 1495230, 340140, 363760, 87910, 168740,----------------------------------------------------------------------------------------------------
5803570, 7305410, 1424400, 1864820, 1187560, 616320, 295970,----------------------------------------------------------------------------------------------------
19031980, 7410320, 4159280, 262290, 1055780, 506610, 91660,----------------------------------------------------------------------------------------------------
18509590, 3170260, 922390, 2284610, 329720, 63370, 150690,----------------------------------------------------------------------------------------------------
7085010, 5326500, 3737350, 1361330, 350360, 437340, 119840,----------------------------------------------------------------------------------------------------
247720, 3844860, 260670, 2487910, 682080, 339810, 34120,----------------------------------------------------------------------------------------------------
17572560, 3591780, 774320, 1681360, 528460, 387610, 130690,----------------------------------------------------------------------------------------------------
16589630, 2901180, 2234530, 1940390, 1021900, 150520, 71420,----------------------------------------------------------------------------------------------------
4851150, 3206880, 3969520, 1356620, 380490, 172290, 10670,----------------------------------------------------------------------------------------------------
17543540, 4736250, 163330, 1409060, 610760, 456270, 250760,----------------------------------------------------------------------------------------------------
1528760, 8333740, 398730, 160690, 60410, 473130, 15190,----------------------------------------------------------------------------------------------------
14404880, 7440500, 1061870, 1588530, 280740, 597050, 215050,----------------------------------------------------------------------------------------------------
16400, 4597180, 917070, 1417340, 887190, 434550, 302810,----------------------------------------------------------------------------------------------------
15536330, 8857670, 234460, 781070, 1120800, 56630, 245320,----------------------------------------------------------------------------------------------------
2657190, 3117660, 4377930, 1284400, 1066010, 15390, 311350,----------------------------------------------------------------------------------------------------
10751410, 2219000, 1724990, 1816680, 297910, 42280, 59940,----------------------------------------------------------------------------------------------------
7622760, 4452390, 4012040, 1873990, 812020, 262080, 270710,----------------------------------------------------------------------------------------------------
17055670, 2499560, 252450, 1380130, 318300, 10850, 65610,----------------------------------------------------------------------------------------------------
19593520, 3063190, 192310, 444920, 352490, 493200, 221000,----------------------------------------------------------------------------------------------------
1577660, 2563000, 2084420, 54750, 741110, 87040, 151320,----------------------------------------------------------------------------------------------------
1201130, 2963900, 3016300, 1960760, 307450, 620450, 52090,----------------------------------------------------------------------------------------------------
2714040, 9979530, 339410, 2366120, 77630, 42950, 184960,----------------------------------------------------------------------------------------------------
10493040, 4241100, 3632110, 2264200, 179430, 533740, 213900,----------------------------------------------------------------------------------------------------
4538060, 89690, 1569110, 2033090, 837820, 603180, 192700,----------------------------------------------------------------------------------------------------
3651430, 8960860, 2214260, 1600160, 675420, 346120, 213730,----------------------------------------------------------------------------------------------------
13757520, 5360720, 1569150, 1705670, 72580, 271350, 38180,----------------------------------------------------------------------------------------------------
2299360, 7312630, 3305190, 842770, 853770, 274610, 215030,----------------------------------------------------------------------------------------------------
16609900, 4875800, 4404650, 1899050, 654770, 179600, 109550,----------------------------------------------------------------------------------------------------
2138310, 5862540, 4842280, 1367410, 1108610, 567570, 98950,----------------------------------------------------------------------------------------------------
18806780, 3935690, 4145420, 1738320, 995680, 421820, 182240,----------------------------------------------------------------------------------------------------
1112340, 6746290, 841000, 1517280, 807740, 70530, 137100,----------------------------------------------------------------------------------------------------
18595360, 9112910, 2901050, 2478040, 1100940, 46610, 295230,----------------------------------------------------------------------------------------------------
14928170, 8413580, 1073240, 2428710, 909810, 180350, 56090,----------------------------------------------------------------------------------------------------
7341820, 9093320, 1620050, 1973550, 1207630, 461130, 288330,----------------------------------------------------------------------------------------------------
14967470, 363130, 4787610, 1694970, 887440, 343520, 218030,----------------------------------------------------------------------------------------------------
17402290, 1052220, 1194490, 1034670, 742890, 112970, 51130,----------------------------------------------------------------------------------------------------
8711040, 3851090, 3709840, 651730, 914590, 12380, 187130,----------------------------------------------------------------------------------------------------
10600000, 1035680, 1697720, 584000, 566500, 595420, 136940,----------------------------------------------------------------------------------------------------
14328680, 5104090, 103400, 2071830, 762160, 522980, 90610,----------------------------------------------------------------------------------------------------
4966830, 5290800, 3593240, 679300, 483970, 603370, 127440,----------------------------------------------------------------------------------------------------
13142070, 1939350, 2465080, 2286020, 115430, 395480, 173630,----------------------------------------------------------------------------------------------------
8973750, 5325650, 4777790, 590980, 368100, 418880, 300800,----------------------------------------------------------------------------------------------------
309170, 1024580, 2558500, 2491780, 195910, 170, 1620,----------------------------------------------------------------------------------------------------
11929870, 7419390, 975630, 2291990, 1068630, 557900, 160150,----------------------------------------------------------------------------------------------------
7653660, 6592460, 4541860, 1503500, 1066660, 93260, 200070,----------------------------------------------------------------------------------------------------
19852080, 6713830, 2048610, 8190, 502460, 241050, 59210,----------------------------------------------------------------------------------------------------
3947300, 6500440, 3545180, 846100, 697640, 302370, 173210,----------------------------------------------------------------------------------------------------
461220, 8154980, 793850, 318450, 1096220, 181640, 245590,----------------------------------------------------------------------------------------------------
14635310, 5676870, 396160, 130310, 288200, 467780, 226470,----------------------------------------------------------------------------------------------------
19374460, 8999650, 4444860, 857750, 695390, 256130, 225570,----------------------------------------------------------------------------------------------------
9088610, 4415030, 2752260, 2243740, 194770, 590150, 286760,----------------------------------------------------------------------------------------------------
9251890, 8607360, 4849420, 2143820, 886550, 170, 172250,----------------------------------------------------------------------------------------------------
3579270, 6639790, 4666040, 858830, 780280, 372380, 217410,----------------------------------------------------------------------------------------------------
7006510, 5595650, 3808910, 385330, 403350, 499020, 236120,----------------------------------------------------------------------------------------------------
7654910, 4223790, 17110, 220280, 1194440, 40260, 237870,----------------------------------------------------------------------------------------------------
6981910, 374980, 4820680, 1837520, 245610, 496830, 160760,----------------------------------------------------------------------------------------------------
8432400, 8837120, 1443760, 1804770, 966410, 126380, 144220,----------------------------------------------------------------------------------------------------
13310870, 6339250, 187820, 1324970, 307480, 74970, 194500,----------------------------------------------------------------------------------------------------
9689570, 7072240, 222750, 1483680, 327540, 617300, 156790,----------------------------------------------------------------------------------------------------
15318340, 1969140, 4308300, 1494070, 928560, 94940, 207190,----------------------------------------------------------------------------------------------------
10132430, 1875600, 3785530, 961890, 112550, 367650, 48020,----------------------------------------------------------------------------------------------------
11455160, 2000310, 3535370, 397580, 1225950, 414040, 261950,----------------------------------------------------------------------------------------------------
14089240, 2086720, 2217820, 1612800, 977300, 145370, 37710,----------------------------------------------------------------------------------------------------
6514910, 1527920, 4029900, 2336700, 1107660, 228770, 110020,----------------------------------------------------------------------------------------------------
10447560, 3512180, 1352300, 673470, 988680, 349640, 233150,----------------------------------------------------------------------------------------------------
8592420, 2366010, 578390, 1411350, 328090, 415380, 207310,----------------------------------------------------------------------------------------------------
19379700, 4160570, 3709000, 264530, 1225270, 516170, 73580,----------------------------------------------------------------------------------------------------
10258110, 5387390, 737710, 1256000, 700980, 187240, 103280,----------------------------------------------------------------------------------------------------
18411430, 3540730, 3025760, 89780, 816450, 46500, 97000,----------------------------------------------------------------------------------------------------
11621350, 3077880, 1694360, 2219050, 221700, 553700, 257590,----------------------------------------------------------------------------------------------------
5593140, 7065670, 4402200, 1285760, 366130, 383430, 30320,----------------------------------------------------------------------------------------------------
16928800, 9583700, 3484650, 193930, 911310, 126030, 198610,----------------------------------------------------------------------------------------------------
212250, 6111980, 140830, 175680, 263440, 37670, 218090,----------------------------------------------------------------------------------------------------
2498780, 807990, 4063430, 491590, 332710, 363510, 219410,----------------------------------------------------------------------------------------------------
19031580, 2415460, 4775410, 698860, 1249040, 247600, 78670,----------------------------------------------------------------------------------------------------
12431020, 426460, 1611660, 502170, 363770, 286980, 227690,----------------------------------------------------------------------------------------------------
7619970, 4502000, 2497600, 796810, 991370, 8990, 4320,----------------------------------------------------------------------------------------------------
18570930, 4823390, 2676030, 2259620, 827570, 320860, 237450,----------------------------------------------------------------------------------------------------
5126150, 7638550, 3832740, 1022880, 798620, 317740, 133530,----------------------------------------------------------------------------------------------------
16063110, 9221980, 4096170, 480250, 441170, 173110, 275080,----------------------------------------------------------------------------------------------------
5321030, 1870150, 974540, 1346380, 679720, 292060, 168250,----------------------------------------------------------------------------------------------------
17171900, 2796990, 156060, 472520, 192810, 617740, 196070,----------------------------------------------------------------------------------------------------
6780540, 4725830, 4442640, 300930, 867360, 151620, 158230,----------------------------------------------------------------------------------------------------
8295700, 8489260, 4262850, 317130, 108260, 186550, 185890,----------------------------------------------------------------------------------------------------
86140, 9907010, 3804490, 1427040, 62250, 440670, 67090,----------------------------------------------------------------------------------------------------
1699030, 3006340, 3778150, 1494580, 584570, 362490, 23300,----------------------------------------------------------------------------------------------------
897550, 4849910, 4170440, 1483810, 751690, 185710, 198000,----------------------------------------------------------------------------------------------------
13552500, 3109140, 2849960, 2061530, 265570, 378630, 105120,----------------------------------------------------------------------------------------------------
4613820, 7736460, 4952480, 1377040, 278160, 110710, 80440,----------------------------------------------------------------------------------------------------
1263650, 8399890, 1561510, 1649960, 211270, 407320, 99800,----------------------------------------------------------------------------------------------------
7106990, 9390760, 972730, 2257850, 189840, 242790, 145740,----------------------------------------------------------------------------------------------------
14980000, 8743930, 1951910, 564920, 987140, 384330, 4270,----------------------------------------------------------------------------------------------------
16326910, 2751590, 366590, 206330, 1127880, 30350, 228070,----------------------------------------------------------------------------------------------------
9922130, 9517400, 4077800, 360290, 541060, 194030, 273360,----------------------------------------------------------------------------------------------------
5338030, 8609070, 330250, 1916900, 650350, 447030, 182950,----------------------------------------------------------------------------------------------------
11129770, 5671960, 242140, 10890, 26900, 610730, 136040,----------------------------------------------------------------------------------------------------
255640, 4898810, 1656780, 387840, 773710, 113940, 88220,----------------------------------------------------------------------------------------------------
11031530, 3111060, 3417010, 848470, 1083530, 589700, 307670,----------------------------------------------------------------------------------------------------
18934990, 1119380, 2582240, 1997790, 646190, 262200, 124100,----------------------------------------------------------------------------------------------------
15364780, 548040, 4004160, 1525650, 248450, 385690, 169400,----------------------------------------------------------------------------------------------------
5855900, 5892460, 2725710, 2373000, 687310, 282860, 259370,----------------------------------------------------------------------------------------------------
5294370, 3858920, 3178750, 944820, 615660, 602520, 75680,----------------------------------------------------------------------------------------------------
8905360, 7017400, 4849980, 697050, 1094070, 201400, 232270,----------------------------------------------------------------------------------------------------
16282440, 5628530, 3642330, 297230, 276500, 88610, 292700,----------------------------------------------------------------------------------------------------
16610480, 6194140, 90850, 478360, 988890, 67900, 304720,----------------------------------------------------------------------------------------------------
2218580, 8534020, 328080, 1141240, 735920, 284160, 31510,----------------------------------------------------------------------------------------------------
19282410, 3069770, 2960970, 605770, 691510, 238970, 212330,----------------------------------------------------------------------------------------------------
3305370, 4340050, 4485370, 1487670, 1213590, 465360, 33630,----------------------------------------------------------------------------------------------------
5283120, 665800, 3262740, 1157930, 641120, 40740, 221640,----------------------------------------------------------------------------------------------------
9097220, 5655280, 2832940, 1826540, 402490, 490240, 140160,----------------------------------------------------------------------------------------------------
12049370, 3987670, 4379230, 2434880, 117020, 392810, 79390,----------------------------------------------------------------------------------------------------
9800210, 4422550, 189790, 1920110, 202300, 573530, 153600,----------------------------------------------------------------------------------------------------
1742630, 2360210, 1607850, 1368700, 502630, 47400, 20830,----------------------------------------------------------------------------------------------------
6464710, 9362640, 3235750, 2212540, 860380, 551330, 114230,----------------------------------------------------------------------------------------------------
19385320, 7722600, 4005060, 278110, 1130430, 153570, 79480,----------------------------------------------------------------------------------------------------
5355750, 5284560, 2241370, 629850, 580870, 136810, 155690,----------------------------------------------------------------------------------------------------
17408390, 7739040, 4233030, 2317020, 560950, 400650, 35570,----------------------------------------------------------------------------------------------------
4789010, 8816200, 3948370, 210730, 1093110, 262200, 294470,----------------------------------------------------------------------------------------------------
4475050, 4129420, 3133880, 45540, 564330, 253710, 282390,----------------------------------------------------------------------------------------------------
4435570, 7445620, 2032750, 1618000, 793630, 262150, 100520,----------------------------------------------------------------------------------------------------
16887820, 9522110, 1644160, 832880, 252090, 575160, 55720,----------------------------------------------------------------------------------------------------
14079000, 8592330, 2118740, 2085170, 601790, 514560, 256340,----------------------------------------------------------------------------------------------------
4458230, 6830510, 4375530, 1432480, 24020, 210670, 54230,----------------------------------------------------------------------------------------------------
16973500, 3666320, 73700, 1937500, 1135280, 610250, 76740,----------------------------------------------------------------------------------------------------
19598610, 6702220, 3821120, 1900850, 1181080, 357000, 293300,----------------------------------------------------------------------------------------------------
12532280, 6953890, 2275110, 639120, 979370, 323040, 32630,----------------------------------------------------------------------------------------------------
16597650, 7739640, 1215950, 2184790, 892120, 108170, 233410,----------------------------------------------------------------------------------------------------
12061680, 2862660, 538610, 207630, 69640, 30790, 64050,----------------------------------------------------------------------------------------------------
8316040, 3786440, 1965180, 2034690, 1160210, 16880, 290840,----------------------------------------------------------------------------------------------------
5767800, 1983540, 288640, 474830, 1209310, 568540, 229510,----------------------------------------------------------------------------------------------------
13293290, 3197310, 2797460, 257780, 1180640, 239030, 39840,----------------------------------------------------------------------------------------------------
629620, 6092070, 659280, 1836490, 786930, 98170, 14960,----------------------------------------------------------------------------------------------------
5957430, 79780, 1287300, 2263180, 292660, 307520, 223910,----------------------------------------------------------------------------------------------------
11554170, 8458290, 1985350, 2473200, 231900, 74420, 5180,----------------------------------------------------------------------------------------------------
7762180, 2638870, 2623270, 565100, 777350, 414770, 153320,----------------------------------------------------------------------------------------------------
18388030, 101870, 957830, 1961020, 1199300, 171750, 293860,----------------------------------------------------------------------------------------------------
3243670, 1530600, 3992090, 1758010, 224660, 220110, 238940,----------------------------------------------------------------------------------------------------
9486810, 1669410, 1399230, 484080, 276030, 410430, 172140,----------------------------------------------------------------------------------------------------
13803400, 6523580, 755070, 249800, 36590, 478540, 34150,----------------------------------------------------------------------------------------------------
16396350, 7719900, 363990, 1546430, 1182000, 177790, 183630,----------------------------------------------------------------------------------------------------
7738090, 2671660, 3871400, 125740, 707910, 229700, 7280,----------------------------------------------------------------------------------------------------
362660, 5530810, 3646650, 873650, 777540, 599510, 95440,----------------------------------------------------------------------------------------------------
10622830, 6761690, 1625470, 31940, 172370, 36460, 34850,----------------------------------------------------------------------------------------------------
16694140, 2598760, 945900, 881490, 729660, 96460, 260080,----------------------------------------------------------------------------------------------------
116150, 5534500, 195830, 2418240, 569040, 495080, 9630,----------------------------------------------------------------------------------------------------
16979490, 222170, 4758270, 623430, 71070, 315670, 291500,----------------------------------------------------------------------------------------------------
9386660, 3082060, 3657070, 776770, 470170, 431310, 209910,----------------------------------------------------------------------------------------------------
1057310, 9949440, 1872490, 1441950, 914500, 470340, 219710,----------------------------------------------------------------------------------------------------
7899520, 9997560, 4558980, 1879180, 691830, 454680, 101010,----------------------------------------------------------------------------------------------------
2172450, 6861630, 4928020, 203320, 1042230, 488400, 272390,----------------------------------------------------------------------------------------------------
16562280, 7248700, 750990, 876680, 559210, 564700, 103210,----------------------------------------------------------------------------------------------------
12755890, 3311650, 1055060, 1325730, 412650, 266500, 296260,----------------------------------------------------------------------------------------------------
1245790, 1740770, 4778750, 1249070, 261380, 334800, 258210,----------------------------------------------------------------------------------------------------
5186810, 3661700, 1299300, 808440, 1068840, 47760, 229460,----------------------------------------------------------------------------------------------------
8855090, 3886780, 2049560, 1451720, 1201830, 206960, 57710,----------------------------------------------------------------------------------------------------
1524150, 312950, 198300, 861130, 10220, 136900, 305650,----------------------------------------------------------------------------------------------------
8849730, 472290, 4611050, 1351160, 238180, 191140, 259830,----------------------------------------------------------------------------------------------------
1189580, 2822440, 755080, 1746400, 625530, 462660, 18070,----------------------------------------------------------------------------------------------------
219380, 1392940, 1340880, 2058400, 198800, 401030, 50150,----------------------------------------------------------------------------------------------------
1960350, 3170800, 790900, 556100, 1174560, 513140, 186570,----------------------------------------------------------------------------------------------------
1168630, 9421340, 2123070, 1517700, 680090, 382980, 90230,----------------------------------------------------------------------------------------------------
11771650, 4574300, 1500230, 995490, 604640, 350660, 39240,----------------------------------------------------------------------------------------------------
18452250, 4713100, 2928970, 1471860, 580080, 116260, 121340,----------------------------------------------------------------------------------------------------
15439480, 7427980, 118000, 134660, 623190, 93740, 241610,----------------------------------------------------------------------------------------------------
10528110, 1503470, 79420, 695180, 868300, 260000, 274760,----------------------------------------------------------------------------------------------------
18121660, 7385210, 2138710, 999710, 666010, 256140, 191280,----------------------------------------------------------------------------------------------------
5797840, 9528510, 977630, 1686710, 1165950, 287490, 291290,----------------------------------------------------------------------------------------------------
18099200, 1232940, 3422430, 2142750, 392560, 387840, 297070,----------------------------------------------------------------------------------------------------
8061640, 6460480, 4072420, 1829350, 1015370, 581780, 132240,----------------------------------------------------------------------------------------------------
6930150, 3718950, 4242700, 745670, 35670, 334740, 226220,----------------------------------------------------------------------------------------------------
830040, 9002840, 439370, 1261330, 717350, 586020, 15280,----------------------------------------------------------------------------------------------------
908720, 4337430, 1304990, 219450, 205730, 504110, 301510,----------------------------------------------------------------------------------------------------
6330550, 4065620, 4429370, 1908270, 1049010, 308510, 59330,----------------------------------------------------------------------------------------------------
1091500, 3096110, 794170, 816380, 871740, 347970, 303080,----------------------------------------------------------------------------------------------------
11111900, 7712550, 4475830, 1029580, 815030, 566310, 166490,----------------------------------------------------------------------------------------------------
15839290, 3920630, 2990450, 920320, 663070, 509150, 131770,----------------------------------------------------------------------------------------------------
1424640, 8842440, 3717570, 1501130, 1183520, 45970, 211970,----------------------------------------------------------------------------------------------------
13614950, 5574430, 2878400, 1775350, 11800, 431910, 119620,----------------------------------------------------------------------------------------------------
13412530, 3121820, 3934970, 560020, 1225870, 253390, 67970,----------------------------------------------------------------------------------------------------
5997500, 1784050, 2420740, 1874020, 286010, 114660, 210440,----------------------------------------------------------------------------------------------------
16651750, 4590410, 2316930, 578090, 1009150, 374450, 73080,----------------------------------------------------------------------------------------------------
687120, 281150, 85770, 487620, 571800, 475360, 68440,----------------------------------------------------------------------------------------------------
8375550, 7613130, 4370370, 715560, 1014840, 537170, 140030,----------------------------------------------------------------------------------------------------
17336750, 9694110, 4501060, 1584920, 715750, 288500, 92940,----------------------------------------------------------------------------------------------------
834840, 5101350, 2876080, 596630, 853830, 350970, 265170,----------------------------------------------------------------------------------------------------
9656840, 1555270, 728550, 982790, 505640, 442490, 181270,----------------------------------------------------------------------------------------------------
8228790, 415970, 2680150, 1566630, 90190, 210500, 135520,----------------------------------------------------------------------------------------------------
4351100, 8894280, 3140930, 42270, 1081020, 266390, 212400,----------------------------------------------------------------------------------------------------
15519780, 9909290, 4900730, 2029280, 361210, 251190, 147110,----------------------------------------------------------------------------------------------------
3480450, 1714570, 293860, 106360, 794600, 610580, 180840,----------------------------------------------------------------------------------------------------
11439590, 3836320, 3708630, 1307580, 1068640, 136450, 304200,----------------------------------------------------------------------------------------------------
13420700, 1183330, 2184990, 1864870, 503300, 324040, 191180,----------------------------------------------------------------------------------------------------
9918680, 9771380, 226940, 735080, 772970, 2180, 185000,----------------------------------------------------------------------------------------------------
19683330, 8249050, 1574130, 2318920, 1004440, 513530, 153080,----------------------------------------------------------------------------------------------------
2480, 260950, 1525900, 1733090, 312820, 601980, 8770,----------------------------------------------------------------------------------------------------
5858260, 980000, 2738620, 19280, 766790, 239520, 245600,----------------------------------------------------------------------------------------------------
1661960, 315480, 2075420, 1130080, 1047770, 126910, 173710,----------------------------------------------------------------------------------------------------
10884160, 825810, 1490020, 1370640, 107520, 462960, 210970,----------------------------------------------------------------------------------------------------
6587160, 2626590, 1140, 1490170, 51310, 16010, 304570,----------------------------------------------------------------------------------------------------
19049180, 2100450, 1648710, 1448060, 992580, 372610, 93910,----------------------------------------------------------------------------------------------------
7569090, 5288980, 3599400, 1282730, 1099280, 226000, 163680,----------------------------------------------------------------------------------------------------
4833040, 7597580, 650700, 1186140, 492660, 471580, 81770,----------------------------------------------------------------------------------------------------
8503130, 1037860, 3248500, 133010, 1176380, 586010, 205190,----------------------------------------------------------------------------------------------------
13670780, 6662650, 1460920, 135190, 833080, 8250, 136700,----------------------------------------------------------------------------------------------------
10273130, 1103240, 928360, 378730, 366020, 491750, 139250,----------------------------------------------------------------------------------------------------
307200, 872390, 73270, 2281120, 1163190, 273120, 113520,----------------------------------------------------------------------------------------------------
3617020, 6665490, 35980, 997090, 966950, 185030, 70240,----------------------------------------------------------------------------------------------------
2554540, 3633230, 328630, 821000, 610730, 155390, 90370,----------------------------------------------------------------------------------------------------
15996360, 6152270, 164790, 775010, 938670, 253290, 115320,----------------------------------------------------------------------------------------------------
18160370, 6558970, 100650, 497600, 183510, 511460, 212110,----------------------------------------------------------------------------------------------------
16420700, 279270, 856110, 1763910, 346160, 285500, 181470,----------------------------------------------------------------------------------------------------
1092350, 6307150, 4807250, 1135470, 44440, 264080, 131370,----------------------------------------------------------------------------------------------------
14409060, 8334290, 2424390, 27480, 1234130, 277700, 303440,----------------------------------------------------------------------------------------------------
6835460, 6717500, 4759410, 1228350, 375060, 150, 275140,----------------------------------------------------------------------------------------------------
13589400, 3364940, 1708590, 1172990, 614430, 561470, 63400,----------------------------------------------------------------------------------------------------
9252580, 8389830, 2753420, 216580, 1067630, 429040, 91770,----------------------------------------------------------------------------------------------------
15220640, 5192290, 4266040, 1384610, 328480, 57110, 1790,----------------------------------------------------------------------------------------------------
1339570, 7769530, 1025910, 169450, 944490, 291610, 132040,----------------------------------------------------------------------------------------------------
10232530, 5313620, 534410, 545070, 215910, 515590, 16710,----------------------------------------------------------------------------------------------------
8627620, 727040, 2785220, 542790, 561160, 323190, 228360,----------------------------------------------------------------------------------------------------
17199150, 4394150, 856670, 1317240, 1155880, 483900, 46290,----------------------------------------------------------------------------------------------------
7753690, 2636210, 894900, 1028760, 989270, 565370, 271090,----------------------------------------------------------------------------------------------------
3258030, 5508230, 2450500, 756990, 1068980, 140760, 291720,----------------------------------------------------------------------------------------------------
9885390, 1035150, 3967170, 735550, 396620, 389390, 50220,----------------------------------------------------------------------------------------------------
19447320, 9041450, 2270290, 276920, 114380, 99370, 64220,----------------------------------------------------------------------------------------------------
12604560, 6133140, 3743330, 2419940, 877840, 294910, 102370,----------------------------------------------------------------------------------------------------
6690760, 3726690, 1037980, 1369000, 1002820, 444980, 102290,----------------------------------------------------------------------------------------------------
7040470, 7267020, 1128710, 2285760, 1048800, 345940, 147980,----------------------------------------------------------------------------------------------------
2476990, 6823080, 3289200, 1136950, 504090, 18940, 1870,----------------------------------------------------------------------------------------------------
2478360, 9821170, 3750780, 2468710, 1157480, 340520, 240690,----------------------------------------------------------------------------------------------------
949220, 6004090, 2208460, 2203430, 173810, 579210, 281270,----------------------------------------------------------------------------------------------------
17564020, 1703970, 3946230, 45290, 993520, 257380, 139530,----------------------------------------------------------------------------------------------------
16243970, 8684350, 271080, 2423000, 770330, 472510, 206500,----------------------------------------------------------------------------------------------------
14728290, 2933730, 4188560, 1181120, 1216860, 600720, 101540,----------------------------------------------------------------------------------------------------
14368470, 4865180, 4944170, 1501090, 405160, 568740, 204460,----------------------------------------------------------------------------------------------------
9537190, 7426350, 1375720, 51800, 1091600, 450880, 204510,----------------------------------------------------------------------------------------------------
6307140, 309870, 608520, 1865860, 158040, 359890, 158670,----------------------------------------------------------------------------------------------------
6160280, 180440, 2857730, 688060, 1062790, 425690, 181720,----------------------------------------------------------------------------------------------------
7737860, 7961980, 4629380, 1383640, 294550, 557850, 149990,----------------------------------------------------------------------------------------------------
2854100, 1733980, 4399560, 189990, 962190, 23040, 119490,----------------------------------------------------------------------------------------------------
3105840, 409780, 3506880, 940010, 173970, 408930, 102550,----------------------------------------------------------------------------------------------------
8701880, 1689960, 1718630, 894370, 125800, 198950, 233370,----------------------------------------------------------------------------------------------------
17526170, 3825360, 988760, 1191190, 1099900, 504100, 19820,----------------------------------------------------------------------------------------------------
15804360, 4443140, 3216510, 2096840, 214600, 142610, 56390,----------------------------------------------------------------------------------------------------
17591180, 8473970, 2994140, 1497690, 1077980, 41410, 67480,----------------------------------------------------------------------------------------------------
4223570, 7187960, 4260570, 2214250, 411360, 252760, 183560,----------------------------------------------------------------------------------------------------
13225550, 7939860, 4129080, 1607660, 194070, 44350, 195880,----------------------------------------------------------------------------------------------------
15617930, 4517850, 261380, 2305790, 228460, 402320, 32780,----------------------------------------------------------------------------------------------------
12006200, 928730, 3243560, 2129890, 144360, 172760, 116930,----------------------------------------------------------------------------------------------------
8001540, 1231470, 4723400, 659980, 958610, 366480, 131370,----------------------------------------------------------------------------------------------------
12786420, 1069580, 3693940, 1293460, 934020, 567150, 84170,----------------------------------------------------------------------------------------------------
9740360, 2689610, 745830, 120570, 179690, 483570, 203060,----------------------------------------------------------------------------------------------------
2595430, 5192250, 4651990, 355220, 264400, 107990, 226880,----------------------------------------------------------------------------------------------------
12762500, 3949920, 1908000, 946220, 1239250, 585460, 16790,----------------------------------------------------------------------------------------------------
15412380, 3017740, 659600, 921220, 57060, 483240, 261350,----------------------------------------------------------------------------------------------------
4215520, 6126730, 238780, 1782790, 974860, 129580, 125080,----------------------------------------------------------------------------------------------------
12735460, 5573130, 1665620, 1091780, 796780, 406310, 228560,----------------------------------------------------------------------------------------------------
17682880, 7723950, 3564150, 538310, 203340, 201400, 150990,----------------------------------------------------------------------------------------------------
6783490, 1473790, 4980800, 2490890, 36390, 122880, 6150,----------------------------------------------------------------------------------------------------
5976570, 8782940, 823610, 2004360, 49600, 215300, 248280,----------------------------------------------------------------------------------------------------
885040, 6654040, 296290, 799030, 161490, 581940, 55350,----------------------------------------------------------------------------------------------------
15324730, 6493480, 256840, 1743630, 445110, 182150, 243540,----------------------------------------------------------------------------------------------------
2091000, 7808860, 3809360, 2211740, 1144780, 154170, 178180,----------------------------------------------------------------------------------------------------
14706010, 2324910, 3270290, 1828700, 817760, 137060, 254020,----------------------------------------------------------------------------------------------------
14874520, 3747160, 1895520, 1405790, 724550, 237300, 298390,----------------------------------------------------------------------------------------------------
8911100, 5113090, 3905000, 380340, 221500, 389000, 180920,----------------------------------------------------------------------------------------------------
12117040, 4925560, 154380, 307680, 361250, 493160, 144360,----------------------------------------------------------------------------------------------------
6627910, 6252190, 4624640, 2306290, 416170, 383920, 46710,----------------------------------------------------------------------------------------------------
8980380, 483000, 3038300, 2373070, 1195220, 394290, 268750,----------------------------------------------------------------------------------------------------
5778540, 6261050, 2562910, 2478030, 323880, 561280, 271760,----------------------------------------------------------------------------------------------------
8134540, 7452550, 2689400, 891580, 849890, 513530, 63440,----------------------------------------------------------------------------------------------------
13413600, 7687840, 3682290, 142240, 966330, 99930, 267130,----------------------------------------------------------------------------------------------------
3743630, 3911230, 703220, 2162460, 539110, 125040, 180650,----------------------------------------------------------------------------------------------------
4141720, 2755430, 3521340, 680360, 190020, 179810, 295840,----------------------------------------------------------------------------------------------------
11834020, 6724280, 4728080, 1795650, 822650, 498730, 129990,----------------------------------------------------------------------------------------------------
8396540, 431890, 2361450, 1994500, 696330, 166010, 208280,----------------------------------------------------------------------------------------------------
14744750, 3653020, 958220, 2016610, 1147110, 344210, 38610,----------------------------------------------------------------------------------------------------
7745370, 8725130, 2990440, 1396330, 884690, 520, 163150,----------------------------------------------------------------------------------------------------
16699330, 5138040, 835290, 567850, 856540, 432280, 148240,----------------------------------------------------------------------------------------------------
14900850, 5843750, 1729850, 2324160, 355570, 27410, 129130,----------------------------------------------------------------------------------------------------
10297130, 7690550, 3772420, 1573680, 9610, 12750, 130770,----------------------------------------------------------------------------------------------------
11295660, 2703930, 176630, 1129740, 984170, 587510, 66300,----------------------------------------------------------------------------------------------------
3001060, 347210, 953670, 1084290, 332320, 397430, 216990,----------------------------------------------------------------------------------------------------
17260030, 9324020, 3669760, 818450, 84580, 514260, 840,----------------------------------------------------------------------------------------------------
9325410, 8440040, 3790290, 1772870, 15820, 613110, 157140,----------------------------------------------------------------------------------------------------
2375200, 2496550, 4457320, 757340, 337040, 337670, 85530,----------------------------------------------------------------------------------------------------
11222010, 9007700, 1918000, 1678600, 329290, 59520, 87990,----------------------------------------------------------------------------------------------------
16830160, 7789530, 3354570, 2202140, 361840, 555330, 176010,----------------------------------------------------------------------------------------------------
16722250, 3060200, 1669740, 1254570, 1150140, 492650, 298810,----------------------------------------------------------------------------------------------------
3995190, 9946750, 83220, 998980, 1242450, 42170, 101800,----------------------------------------------------------------------------------------------------
10826320, 6161000, 2944450, 128130, 1180930, 304170, 230570,----------------------------------------------------------------------------------------------------
8329930, 5427690, 4787920, 1321510, 648910, 488830, 97510,----------------------------------------------------------------------------------------------------
2856220, 4040910, 3391750, 1618110, 1029650, 583640, 179420,----------------------------------------------------------------------------------------------------
14499160, 5818530, 2562120, 315020, 918920, 277870, 30900,----------------------------------------------------------------------------------------------------
10034660, 3587220, 4984950, 1639350, 10080, 44600, 65720,----------------------------------------------------------------------------------------------------
14440000, 4755170, 1409330, 339390, 3700, 137140, 222580,----------------------------------------------------------------------------------------------------
18978740, 3964720, 185800, 1887620, 73420, 454960, 43500,----------------------------------------------------------------------------------------------------
19072610, 9081910, 2550510, 2382530, 945950, 167320, 54820,----------------------------------------------------------------------------------------------------
8539170, 4371640, 1922730, 608760, 840450, 166600, 101890,----------------------------------------------------------------------------------------------------
18589700, 8600780, 2129820, 2425850, 1160310, 447490, 208370,----------------------------------------------------------------------------------------------------
15299100, 6145960, 1052120, 2411550, 929920, 147580, 179810,----------------------------------------------------------------------------------------------------
13307800, 1934230, 178010, 1346690, 248370, 445590, 9040,----------------------------------------------------------------------------------------------------
6040040, 5014080, 301290, 483130, 1046810, 210600, 160090,----------------------------------------------------------------------------------------------------
4220760, 6311150, 256060, 2456090, 6490, 417640, 131310,----------------------------------------------------------------------------------------------------
5684600, 2964220, 4829160, 2422750, 162270, 234240, 303730,----------------------------------------------------------------------------------------------------
14019740, 8982210, 3855630, 1709580, 487470, 621440, 142060,----------------------------------------------------------------------------------------------------
15091350, 149270, 3015950, 1349880, 164400, 389940, 178250,----------------------------------------------------------------------------------------------------
13339920, 2842250, 468770, 1797440, 683790, 288450, 119510,----------------------------------------------------------------------------------------------------
4626190, 2415990, 2748950, 1690730, 599980, 561870, 46840,----------------------------------------------------------------------------------------------------
9192380, 327230, 3767380, 675470, 510100, 226730, 261020,----------------------------------------------------------------------------------------------------
8968740, 2782820, 4776240, 509440, 71730, 201330, 310750,----------------------------------------------------------------------------------------------------
19016400, 7865130, 2022360, 1229940, 997010, 311920, 288960,----------------------------------------------------------------------------------------------------
9844560, 1220420, 450110, 1963050, 848300, 303040, 180120,----------------------------------------------------------------------------------------------------
8584160, 4693190, 1816930, 397180, 1225380, 63070, 97790,----------------------------------------------------------------------------------------------------
14522720, 7952080, 3356710, 52360, 210920, 166700, 26560,----------------------------------------------------------------------------------------------------
14190180, 7563780, 1456820, 1825260, 166110, 353740, 123880,----------------------------------------------------------------------------------------------------
5128920, 8278740, 3056270, 1895270, 1164230, 454300, 86190,----------------------------------------------------------------------------------------------------
17924280, 8647070, 710210, 2103270, 323960, 334400, 98150,----------------------------------------------------------------------------------------------------
6478250, 3414530, 3821360, 1548590, 865780, 167510, 96060,----------------------------------------------------------------------------------------------------
13693080, 6117290, 4211770, 185350, 1024680, 169030, 113070,----------------------------------------------------------------------------------------------------
10519450, 3947040, 271190, 1741490, 295580, 447810, 81740,----------------------------------------------------------------------------------------------------
18180150, 1325290, 4426370, 2303260, 385130, 390360, 130350,----------------------------------------------------------------------------------------------------
13828720, 3636270, 2737340, 401530, 286210, 350270, 119380,----------------------------------------------------------------------------------------------------
11940660, 5952410, 4345600, 146530, 368970, 510140, 201000,----------------------------------------------------------------------------------------------------
3813420, 2008770, 2667240, 772060, 892070, 413410, 195600,----------------------------------------------------------------------------------------------------
11691360, 923730, 4070860, 1845170, 325920, 472750, 185020,----------------------------------------------------------------------------------------------------
3593790, 1595520, 962220, 1119250, 319850, 276780, 172610,----------------------------------------------------------------------------------------------------
7702590, 9602060, 344020, 309400, 402680, 98130, 223650,----------------------------------------------------------------------------------------------------
13799070, 6236600, 3708100, 1752220, 534130, 118400, 23300,----------------------------------------------------------------------------------------------------
14277110, 4533110, 559040, 1413340, 607140, 446040, 285040,----------------------------------------------------------------------------------------------------
5360860, 9816430, 1742420, 1909900, 239660, 29800, 270640,----------------------------------------------------------------------------------------------------
7042310, 4771260, 1103370, 1295510, 356600, 227560, 51560,----------------------------------------------------------------------------------------------------
18490460, 9366860, 2356530, 1965470, 989850, 100790, 97820,----------------------------------------------------------------------------------------------------
5481710, 5679010, 2642450, 488650, 1220570, 439920, 77570,----------------------------------------------------------------------------------------------------
13094380, 2015890, 2796230, 2214170, 684650, 170620, 181760,----------------------------------------------------------------------------------------------------
3126940, 5637420, 3039820, 755630, 1172350, 140440, 49920,----------------------------------------------------------------------------------------------------
15518430, 6720310, 1797560, 1869820, 397200, 141130, 267570,----------------------------------------------------------------------------------------------------
10351330, 7681350, 1157520, 697880, 298580, 36770, 247990,----------------------------------------------------------------------------------------------------
19383000, 5978780, 3844560, 2297280, 74070, 452870, 224980,----------------------------------------------------------------------------------------------------
4708970, 6296280, 2242500, 175280, 851710, 615630, 14970,----------------------------------------------------------------------------------------------------
6499830, 9078440, 233540, 507940, 1145080, 369690, 234430,----------------------------------------------------------------------------------------------------
7621450, 3354040, 471130, 1719240, 499460, 246280, 218500,----------------------------------------------------------------------------------------------------
17094400, 2455210, 3060680, 623910, 523760, 31240, 193450,----------------------------------------------------------------------------------------------------
339960, 2112180, 2559230, 465550, 1165630, 96250, 14680,----------------------------------------------------------------------------------------------------
3069330, 7705300, 99110, 2420380, 1058060, 24240, 202900,----------------------------------------------------------------------------------------------------
3295860, 2900670, 3159840, 1034630, 1219810, 454750, 101580,----------------------------------------------------------------------------------------------------
13095860, 1403050, 1960150, 1423770, 210860, 564740, 51210,----------------------------------------------------------------------------------------------------
4453690, 5652590, 4557680, 1361360, 764760, 495360, 145640,----------------------------------------------------------------------------------------------------
11497060, 2248880, 3739960, 131600, 478330, 604020, 64240,----------------------------------------------------------------------------------------------------
19261810, 9566250, 3417270, 8580, 302190, 262740, 116040,----------------------------------------------------------------------------------------------------
1893690, 2631700, 1177050, 2433160, 570990, 257040, 215290,----------------------------------------------------------------------------------------------------
16797350, 2226160, 1525670, 1773030, 594440, 95250, 63770,----------------------------------------------------------------------------------------------------
8328740, 4880060, 1921620, 374320, 267210, 223920, 75950,----------------------------------------------------------------------------------------------------
9018670, 9541660, 2796350, 2376950, 394220, 149280, 34050,----------------------------------------------------------------------------------------------------
10551570, 5171690, 4634290, 1920980, 84260, 95310, 234550,----------------------------------------------------------------------------------------------------
13838370, 5456000, 718690, 2402780, 255850, 14490, 128090,----------------------------------------------------------------------------------------------------
1661530, 7273580, 1106930, 1296460, 631100, 294080, 18380,----------------------------------------------------------------------------------------------------
16103260, 6111280, 2313520, 1557890, 185590, 79170, 279510,----------------------------------------------------------------------------------------------------
14938940, 5886690, 3131390, 1003450, 982360, 235310, 2150,----------------------------------------------------------------------------------------------------
2562400, 501610, 4118970, 733920, 945770, 122460, 169060,----------------------------------------------------------------------------------------------------
16312490, 2839450, 3127930, 2143180, 1118030, 234730, 258550,----------------------------------------------------------------------------------------------------
418960, 4724340, 3995110, 1092030, 44090, 405520, 29730,----------------------------------------------------------------------------------------------------
10322230, 4760870, 4256090, 2351790, 708750, 618590, 249470,----------------------------------------------------------------------------------------------------
10064500, 63140, 3761470, 49050, 192200, 215220, 114750,----------------------------------------------------------------------------------------------------
10184820, 7700820, 2810680, 342010, 209460, 374330, 30490,----------------------------------------------------------------------------------------------------
10872520, 4871370, 4880250, 2431940, 696550, 454250, 76570,----------------------------------------------------------------------------------------------------
9985240, 8611350, 4066360, 278230, 20820, 384210, 236930,----------------------------------------------------------------------------------------------------
12430000, 438630, 4832580, 876320, 312860, 492200, 9930,----------------------------------------------------------------------------------------------------
13524920, 9807940, 4997180, 2035280, 167340, 36570, 215210,----------------------------------------------------------------------------------------------------
281890, 599510, 3264050, 525550, 800290, 475940, 203680,----------------------------------------------------------------------------------------------------
9964850, 1348050, 3194100, 1822970, 665560, 427230, 299800,----------------------------------------------------------------------------------------------------
13338440, 3808950, 1422690, 2131160, 925970, 180160, 6800,----------------------------------------------------------------------------------------------------
69930, 519940, 1182270, 32470, 399990, 60890, 256200,----------------------------------------------------------------------------------------------------
11304500, 7938950, 3944720, 1241750, 179970, 618710, 2450,----------------------------------------------------------------------------------------------------
18637620, 7650950, 1634700, 740190, 869560, 491000, 28450,----------------------------------------------------------------------------------------------------
13239270, 5217300, 4182960, 2208740, 1055470, 109220, 263580,----------------------------------------------------------------------------------------------------
5545690, 7290430, 345420, 1658470, 1098510, 516740, 186540,----------------------------------------------------------------------------------------------------
16472780, 6616960, 4216940, 46680, 947630, 470620, 211330,----------------------------------------------------------------------------------------------------
17987640, 3494210, 3853120, 1506220, 163400, 183460, 153070,----------------------------------------------------------------------------------------------------
3149670, 9798250, 4099760, 886560, 94420, 554830, 238560,----------------------------------------------------------------------------------------------------
10124750, 5177490, 2002300, 2495540, 735860, 41960, 208540,----------------------------------------------------------------------------------------------------
6239050, 5423790, 289140, 700150, 744140, 71930, 297930,----------------------------------------------------------------------------------------------------
4914400, 8068280, 3560650, 1793670, 944660, 368380, 98900,----------------------------------------------------------------------------------------------------
16758690, 7206240, 2599660, 1443480, 178480, 49430, 296030,----------------------------------------------------------------------------------------------------
121290, 9187250, 863730, 1931380, 676580, 310880, 37080,----------------------------------------------------------------------------------------------------
15138370, 9359000, 111420, 236720, 810890, 562460, 115890,----------------------------------------------------------------------------------------------------
17229540, 86640, 3295680, 1481690, 752030, 200470, 120170,----------------------------------------------------------------------------------------------------
7740550, 5753450, 77520, 302950, 224230, 591610, 175640,----------------------------------------------------------------------------------------------------
16264290, 2355110, 622460, 2036830, 817240, 351810, 276980,----------------------------------------------------------------------------------------------------
1969530, 5536330, 4024860, 2341810, 332770, 484360, 207710,----------------------------------------------------------------------------------------------------
12543860, 6692670, 1634150, 2368650, 151910, 429940, 216470,----------------------------------------------------------------------------------------------------
6214740, 3040880, 3524410, 1651010, 1119670, 244760, 97940,----------------------------------------------------------------------------------------------------
3277090, 347840, 12170, 353640, 528440, 618760, 230890,----------------------------------------------------------------------------------------------------
9807100, 2244090, 1291200, 664260, 455060, 489870, 79450,----------------------------------------------------------------------------------------------------
9427030, 9398010, 4717830, 1060770, 588900, 255990, 116590,----------------------------------------------------------------------------------------------------
15633310, 3751140, 4869630, 365540, 305760, 3270, 109410,----------------------------------------------------------------------------------------------------
10143030, 5662120, 3850060, 754460, 1126990, 304590, 105830,----------------------------------------------------------------------------------------------------
9210090, 4312990, 3559750, 219910, 1013810, 237190, 5600,----------------------------------------------------------------------------------------------------
11304630, 6283510, 725850, 1261200, 443950, 156580, 121290,----------------------------------------------------------------------------------------------------
702180, 6533650, 849110, 1963960, 542770, 612640, 239520,----------------------------------------------------------------------------------------------------
4524170, 6603000, 661060, 239420, 84780, 213420, 89500,----------------------------------------------------------------------------------------------------
6140220, 9723570, 4820720, 663630, 753180, 146460, 229840,----------------------------------------------------------------------------------------------------
14019940, 2537040, 2701820, 606740, 941920, 5250, 89700,----------------------------------------------------------------------------------------------------
6611010, 5245310, 2848270, 2242480, 861410, 165200, 280830,----------------------------------------------------------------------------------------------------
1011410, 4425990, 2231460, 464100, 697230, 293690, 111180,----------------------------------------------------------------------------------------------------
19415600, 3710020, 2985750, 418020, 1155630, 480740, 121040,----------------------------------------------------------------------------------------------------
1825870, 1243070, 4438500, 1352160, 655320, 594340, 151790,----------------------------------------------------------------------------------------------------
4525040, 6083420, 3886130, 38660, 1063270, 220030, 127410,----------------------------------------------------------------------------------------------------
11668520, 7821120, 2070290, 2152360, 277050, 205040, 262430,----------------------------------------------------------------------------------------------------
11363300, 2537670, 742350, 145080, 388070, 416140, 122680,----------------------------------------------------------------------------------------------------
10677830, 4599920, 4317930, 602270, 799020, 107600, 155960,----------------------------------------------------------------------------------------------------
11925440, 451770, 596500, 1111210, 109820, 603470, 235800,----------------------------------------------------------------------------------------------------
16592110, 2605010, 627530, 620720, 466080, 116990, 175780,----------------------------------------------------------------------------------------------------
243440, 1153330, 638200, 1192630, 597500, 281320, 282380,----------------------------------------------------------------------------------------------------
8927110, 6589670, 4471060, 159940, 714780, 14770, 25180,----------------------------------------------------------------------------------------------------
13181630, 5891590, 4015090, 472510, 677720, 137900, 147840,----------------------------------------------------------------------------------------------------
6169910, 4690760, 4876880, 2274770, 421280, 141430, 197480,----------------------------------------------------------------------------------------------------
9273960, 6252810, 4258710, 129310, 248200, 193520, 123800,----------------------------------------------------------------------------------------------------
5435560, 3445050, 4868820, 1895890, 762430, 453390, 214550,----------------------------------------------------------------------------------------------------
7150690, 7165520, 834730, 1244970, 205900, 473330, 192360,----------------------------------------------------------------------------------------------------
12752670, 9496580, 2647920, 1605140, 690710, 492520, 77310,----------------------------------------------------------------------------------------------------
16585570, 9524490, 329950, 2025190, 559070, 258210, 162940,----------------------------------------------------------------------------------------------------
16110590, 8421950, 3607780, 522120, 1163940, 258210, 190750,----------------------------------------------------------------------------------------------------
6540280, 5498730, 4566850, 2169870, 1028230, 615660, 222320,----------------------------------------------------------------------------------------------------
16759280, 4744620, 4495530, 1186440, 903350, 588810, 170080,----------------------------------------------------------------------------------------------------
7312470, 7632020, 2706040, 149670, 455000, 174380, 187560,----------------------------------------------------------------------------------------------------
12798460, 3700400, 2628320, 2369370, 1059870, 59970, 43330,----------------------------------------------------------------------------------------------------
18455990, 6539220, 1194150, 1034080, 58690, 421880, 106070,----------------------------------------------------------------------------------------------------
15352560, 6099770, 4907210, 755540, 1058050, 19590, 239150,----------------------------------------------------------------------------------------------------
10479410, 5102670, 4229870, 1095490, 1236780, 570680, 121080,----------------------------------------------------------------------------------------------------
8617040, 483370, 3136230, 516670, 277220, 298260, 176670,----------------------------------------------------------------------------------------------------
12544360, 9847750, 2298420, 458960, 1043820, 564710, 274680,----------------------------------------------------------------------------------------------------
19940000, 6232220, 4642850, 1269640, 1063730, 195130, 210260,----------------------------------------------------------------------------------------------------
7559170, 2877810, 286910, 1528220, 148710, 16290, 197180,----------------------------------------------------------------------------------------------------
7658090, 2465160, 355600, 2228960, 1173300, 311450, 63200,----------------------------------------------------------------------------------------------------
19540860, 9605030, 2229810, 1226010, 143430, 421800, 240680,----------------------------------------------------------------------------------------------------
16698820, 3308710, 956220, 506470, 250540, 475780, 179430,----------------------------------------------------------------------------------------------------
9505970, 6240510, 2202800, 2235530, 373500, 452810, 141860,----------------------------------------------------------------------------------------------------
2719700, 8614970, 4566650, 2479780, 675690, 595100, 127490,----------------------------------------------------------------------------------------------------
19915940, 7761280, 1157350, 994030, 1162220, 621790, 123190,----------------------------------------------------------------------------------------------------
15390, 6905810, 1998340, 2161470, 699770, 277880, 28610,----------------------------------------------------------------------------------------------------
1270490, 5884200, 1926880, 1292460, 889460, 447260, 292110,----------------------------------------------------------------------------------------------------
1544960, 2109660, 2776550, 1994200, 376450, 437690, 35220,----------------------------------------------------------------------------------------------------
2931770, 2676900, 2645430, 448210, 134290, 499630, 73790,----------------------------------------------------------------------------------------------------
11616400, 4382230, 4786750, 1543960, 1159470, 106470, 177220,----------------------------------------------------------------------------------------------------
4765680, 9061780, 1341260, 2485950, 648020, 484160, 203990,----------------------------------------------------------------------------------------------------
501430, 8785390, 1987750, 813200, 412870, 500690, 97830,----------------------------------------------------------------------------------------------------
17605570, 8811520, 109510, 1517480, 514570, 535650, 27060,----------------------------------------------------------------------------------------------------
18121220, 3098480, 3249340, 1374290, 260580, 336510, 137670,----------------------------------------------------------------------------------------------------
19268620, 3690450, 1835640, 1870040, 383320, 592360, 199960,----------------------------------------------------------------------------------------------------
19336440, 6008630, 1810270, 1963870, 692370, 422750, 48460,----------------------------------------------------------------------------------------------------
444150, 544060, 1330640, 2070950, 756340, 559370, 267140,----------------------------------------------------------------------------------------------------
13867530, 8474010, 1498170, 357750, 375380, 344900, 293780,----------------------------------------------------------------------------------------------------
5255820, 346490, 689460, 2386080, 520730, 366890, 105960,----------------------------------------------------------------------------------------------------
11219730, 1826520, 3735360, 48400, 138890, 354680, 127530,----------------------------------------------------------------------------------------------------
13616510, 6988780, 4899190, 1665230, 928430, 219250, 3150,----------------------------------------------------------------------------------------------------
16360130, 6439650, 637450, 990930, 60560, 241280, 237370,----------------------------------------------------------------------------------------------------
14261000, 1019620, 4006800, 27880, 1075340, 500770, 283230,----------------------------------------------------------------------------------------------------
4724840, 6948510, 3512470, 2445430, 588640, 571420, 145140,----------------------------------------------------------------------------------------------------
3704920, 2395890, 2703900, 1657970, 1044620, 493590, 66120,----------------------------------------------------------------------------------------------------
2340830, 5326220, 3540730, 125000, 83610, 579610, 91050,----------------------------------------------------------------------------------------------------
16052230, 9153120, 3458960, 1592130, 699320, 467300, 124350,----------------------------------------------------------------------------------------------------
37460, 6028950, 2936040, 1122670, 312770, 42310, 301010,----------------------------------------------------------------------------------------------------
14994680, 1022130, 2652360, 814970, 702240, 34770, 65790,----------------------------------------------------------------------------------------------------
19891230, 8158560, 770090, 1939180, 457640, 496520, 202880,----------------------------------------------------------------------------------------------------
584650, 6323860, 1267360, 708160, 726640, 231080, 70650,----------------------------------------------------------------------------------------------------
3140150, 7344230, 539360, 1129340, 668000, 83450, 275000,----------------------------------------------------------------------------------------------------
14850130, 3844240, 3534410, 1089720, 749750, 501120, 100300,----------------------------------------------------------------------------------------------------
3813940, 4352790, 2513320, 2330720, 661720, 305020, 268850,----------------------------------------------------------------------------------------------------
10222850, 2525910, 4859010, 291930, 41240, 624760, 109950,----------------------------------------------------------------------------------------------------
4537700, 2838180, 814270, 1814160, 181660, 397570, 65410,----------------------------------------------------------------------------------------------------
9813120, 9002310, 2692160, 1384140, 662430, 287270, 14840,----------------------------------------------------------------------------------------------------
7052040, 1419860, 3504990, 1044260, 978300, 61390, 139600,----------------------------------------------------------------------------------------------------
16008810, 8728390, 576490, 2408370, 393820, 506780, 41610,----------------------------------------------------------------------------------------------------
2312240, 296850, 80590, 1154160, 575800, 238140, 36380,----------------------------------------------------------------------------------------------------
10672620, 1298160, 4015980, 2252910, 840420, 422190, 268790,----------------------------------------------------------------------------------------------------
11559020, 8125020, 1873940, 1227740, 740510, 265670, 278810,----------------------------------------------------------------------------------------------------
4789980, 8534550, 4399670, 1546880, 1095240, 528890, 95240,----------------------------------------------------------------------------------------------------
845740, 6902720, 2262420, 873450, 1075850, 200550, 307880,----------------------------------------------------------------------------------------------------
11659310, 4983400, 2113210, 2012010, 394860, 472740, 100930,----------------------------------------------------------------------------------------------------
3360040, 3185270, 4540660, 485400, 1201840, 209140, 210340,----------------------------------------------------------------------------------------------------
11871210, 9413770, 3764000, 1902980, 686330, 168920, 127090,----------------------------------------------------------------------------------------------------
4571980, 6423840, 4341790, 1495440, 63320, 384400, 53180,----------------------------------------------------------------------------------------------------
5516280, 8083010, 4435430, 660050, 1051370, 145970, 120780,----------------------------------------------------------------------------------------------------
9392120, 8103700, 4544680, 2452940, 62850, 182440, 56350,----------------------------------------------------------------------------------------------------
11513740, 6092530, 468760, 1539820, 1098450, 448730, 301240,----------------------------------------------------------------------------------------------------
3922820, 9716700, 325810, 572580, 548890, 271740, 84000,----------------------------------------------------------------------------------------------------
10056990, 816330, 4026270, 1662450, 1096830, 226870, 137380,----------------------------------------------------------------------------------------------------
10494450, 9904140, 3292690, 62370, 140000, 206630, 278910,----------------------------------------------------------------------------------------------------
14030950, 6641100, 4378330, 1232000, 370250, 268130, 89510,----------------------------------------------------------------------------------------------------
9153220, 499750, 2022680, 487860, 958270, 565870, 14270,----------------------------------------------------------------------------------------------------
8684560, 4325500, 2778410, 1231270, 519220, 24420, 198800,----------------------------------------------------------------------------------------------------
8789550, 4317500, 154350, 336360, 835640, 455440, 190950,----------------------------------------------------------------------------------------------------
16249070, 7410410, 2277200, 1697730, 386710, 446250, 13300,----------------------------------------------------------------------------------------------------
6836680, 693590, 396730, 270460, 882230, 21670, 191920,----------------------------------------------------------------------------------------------------
2951070, 7473220, 2580040, 1291100, 336340, 175980, 252290,----------------------------------------------------------------------------------------------------
4677460, 9597420, 510330, 918310, 120680, 396490, 207770,----------------------------------------------------------------------------------------------------
13950160, 6646940, 4105460, 2191470, 932830, 238970, 251960,----------------------------------------------------------------------------------------------------
14407090, 7069660, 1760420, 418030, 441550, 169530, 82320,----------------------------------------------------------------------------------------------------
19074510, 7413630, 1185770, 1413990, 1197990, 400670, 69280,----------------------------------------------------------------------------------------------------
11561510, 7710370, 2804500, 1037880, 247650, 511020, 35370,----------------------------------------------------------------------------------------------------
17478430, 2966500, 2089410, 1899910, 225360, 157010, 200300,----------------------------------------------------------------------------------------------------
7301820, 3800640, 3891920, 2162130, 1001660, 180690, 298190,----------------------------------------------------------------------------------------------------
5104230, 8886860, 2409310, 543280, 748380, 347140, 104860,----------------------------------------------------------------------------------------------------
12063250, 6205850, 4927870, 66870, 534260, 251320, 61820,----------------------------------------------------------------------------------------------------
14170530, 8779180, 4367490, 261390, 1012080, 145370, 257420,----------------------------------------------------------------------------------------------------
5824440, 9860840, 705510, 2306500, 8250, 168140, 157360,----------------------------------------------------------------------------------------------------
10933850, 3831350, 2065020, 935000, 182210, 138770, 100070,----------------------------------------------------------------------------------------------------
12777740, 4414400, 518370, 1491330, 130820, 269590, 118970,----------------------------------------------------------------------------------------------------
17458240, 1456150, 4429730, 622080, 862030, 216530, 161060,----------------------------------------------------------------------------------------------------
19611080, 6163640, 3609300, 1001550, 1066150, 441180, 278940,----------------------------------------------------------------------------------------------------
8301880, 3530260, 1048510, 731440, 623030, 239780, 135460,----------------------------------------------------------------------------------------------------
2151510, 9690350, 4954860, 723690, 884030, 284490, 241360,----------------------------------------------------------------------------------------------------
4391880, 6046800, 748300, 158310, 634890, 352370, 303750,----------------------------------------------------------------------------------------------------
2406710, 5507890, 3782600, 1458600, 1151790, 528450, 91340,----------------------------------------------------------------------------------------------------
2513990, 1904300, 3550990, 2091800, 1114930, 46640, 260330,----------------------------------------------------------------------------------------------------
6248600, 2539290, 4530020, 2119730, 1011060, 526000, 239980,----------------------------------------------------------------------------------------------------
2716710, 1506190, 4307190, 1318540, 1149300, 386330, 71170,----------------------------------------------------------------------------------------------------
15452590, 6899980, 559360, 805580, 1059990, 597350, 261870,----------------------------------------------------------------------------------------------------
1731640, 8198580, 565270, 522760, 138220, 226170, 33610,----------------------------------------------------------------------------------------------------
14126000, 2019650, 668270, 185700, 735810, 126490, 275280,----------------------------------------------------------------------------------------------------
17482640, 5069520, 4659130, 606390, 1120120, 280210, 272090,----------------------------------------------------------------------------------------------------
166120, 44580, 16350, 1507940, 782420, 529070, 166480,----------------------------------------------------------------------------------------------------
4844160, 1494710, 2407560, 2336590, 796190, 452460, 77060,----------------------------------------------------------------------------------------------------
13547560, 9644440, 4089030, 1100560, 619850, 529470, 83720,----------------------------------------------------------------------------------------------------
19745940, 9788070, 2692640, 1712860, 1123930, 232630, 195880,----------------------------------------------------------------------------------------------------
8784170, 7707930, 1140870, 2468760, 215490, 120280, 5180,----------------------------------------------------------------------------------------------------
1721150, 9205160, 340, 2328110, 163210, 12760, 189900,----------------------------------------------------------------------------------------------------
5900010, 2752300, 3202940, 2425250, 733330, 504350, 31460,----------------------------------------------------------------------------------------------------
7218790, 3433000, 2033390, 1196980, 420180, 274490, 180390,----------------------------------------------------------------------------------------------------
17047570, 3065570, 3382790, 2240570, 606720, 96510, 187480,----------------------------------------------------------------------------------------------------
9663580, 5761510, 2413180, 2472440, 510930, 316660, 220950,----------------------------------------------------------------------------------------------------
6366750, 3240600, 2235700, 562500, 62280, 457880, 258400,----------------------------------------------------------------------------------------------------
1046310, 6899260, 1148190, 787740, 1050950, 104330, 166350,----------------------------------------------------------------------------------------------------
2317900, 4459390, 1252040, 1290280, 424480, 124040, 15530,----------------------------------------------------------------------------------------------------
17521820, 3419760, 4317730, 2251940, 968650, 441720, 230850,----------------------------------------------------------------------------------------------------
14455620, 3490710, 3285580, 1343420, 66590, 474370, 214120,----------------------------------------------------------------------------------------------------
18053490, 3012200, 2231480, 43230, 754680, 525250, 227670,----------------------------------------------------------------------------------------------------
2049470, 2233390, 306260, 828170, 1105430, 330140, 274870,----------------------------------------------------------------------------------------------------
1698510, 2673130, 1803080, 672450, 257320, 474470, 205540,----------------------------------------------------------------------------------------------------
18134750, 6211670, 123770, 1794830, 81350, 396100, 144160,----------------------------------------------------------------------------------------------------
18360470, 86930, 406810, 612170, 775760, 93000, 1050,----------------------------------------------------------------------------------------------------
5454150, 2833580, 3253360, 1808940, 547460, 237640, 96740,----------------------------------------------------------------------------------------------------
14353740, 8931330, 3351990, 12570, 429490, 39860, 294620,----------------------------------------------------------------------------------------------------
10401680, 8767200, 2079770, 1887350, 1004450, 371790, 99980,----------------------------------------------------------------------------------------------------
4026150, 8431160, 2884480, 934610, 1032880, 144960, 225480,----------------------------------------------------------------------------------------------------
14243490, 2863080, 931260, 1316740, 378760, 442260, 177500,----------------------------------------------------------------------------------------------------
5654170, 6459980, 136630, 1771520, 1165090, 378750, 193840,----------------------------------------------------------------------------------------------------
1974300, 3474530, 1639630, 163110, 316980, 317520, 278190,----------------------------------------------------------------------------------------------------
13063250, 3991260, 4765440, 1346460, 1119420, 183820, 193990,----------------------------------------------------------------------------------------------------
19903510, 1508750, 4370680, 1258440, 1095170, 405850, 122890,----------------------------------------------------------------------------------------------------
17318310, 5294040, 4106070, 334740, 455700, 230920, 305790,----------------------------------------------------------------------------------------------------
19152330, 1077880, 4756800, 1193300, 239490, 313590, 145710,----------------------------------------------------------------------------------------------------
14959470, 1740120, 1428720, 2290620, 559780, 488860, 51960,----------------------------------------------------------------------------------------------------
15868080, 2014570, 3129360, 2343130, 847770, 317040, 253730,----------------------------------------------------------------------------------------------------
12165920, 5719700, 4765250, 2043980, 195360, 568680, 270150,----------------------------------------------------------------------------------------------------
5573210, 6333360, 3494180, 735710, 270400, 110690, 4460,----------------------------------------------------------------------------------------------------
7449530, 6627150, 662090, 2234310, 262790, 42210, 257240,----------------------------------------------------------------------------------------------------
2221870, 6419330, 3491160, 914340, 446550, 588600, 142170,----------------------------------------------------------------------------------------------------
5840330, 5202700, 4743290, 1268400, 164950, 282800, 102390,----------------------------------------------------------------------------------------------------
5872400, 9957710, 1775560, 2096610, 900480, 367330, 183420,----------------------------------------------------------------------------------------------------
2462050, 250770, 3123050, 326260, 269930, 308240, 167000,----------------------------------------------------------------------------------------------------
9132080, 9873490, 2196710, 405920, 867890, 487090, 115800,----------------------------------------------------------------------------------------------------
17146630, 6553170, 3068640, 1223570, 945570, 510660, 223090,----------------------------------------------------------------------------------------------------
13227240, 4001470, 3747680, 1308510, 480980, 385050, 153330,----------------------------------------------------------------------------------------------------
9516110, 7539380, 2169420, 2092000, 1096670, 485610, 16560,----------------------------------------------------------------------------------------------------
7706330, 588610, 679580, 1355210, 681840, 1020, 250190,----------------------------------------------------------------------------------------------------
6849470, 1549700, 3978330, 1039180, 286700, 472520, 80440,----------------------------------------------------------------------------------------------------
19306040, 1726540, 2487880, 1872450, 721160, 357340, 244940,----------------------------------------------------------------------------------------------------
1091900, 8321720, 2564980, 2253470, 480210, 201770, 41790,----------------------------------------------------------------------------------------------------
10769580, 8835870, 3846330, 1351950, 1007490, 585120, 254370,----------------------------------------------------------------------------------------------------
15847340, 5003120, 2279140, 1910440, 875900, 521430, 227040,----------------------------------------------------------------------------------------------------
17442950, 1034880, 2630190, 320710, 632720, 184360, 189320,----------------------------------------------------------------------------------------------------
3616310, 9424610, 2330690, 1741300, 53210, 107320, 68620,----------------------------------------------------------------------------------------------------
19129970, 9736200, 2262190, 2288130, 821430, 578990, 5500,----------------------------------------------------------------------------------------------------
1147850, 4927520, 3783510, 1196480, 443310, 288020, 88720,----------------------------------------------------------------------------------------------------
6549630, 9351420, 303140, 1128300, 45650, 497200, 6740,----------------------------------------------------------------------------------------------------
5649530, 6115490, 4653550, 2104950, 993010, 287430, 21290,----------------------------------------------------------------------------------------------------
1731190, 5000080, 263600, 1501990, 951440, 3490, 156100,----------------------------------------------------------------------------------------------------
11601960, 7909730, 918830, 941260, 597690, 429350, 169690,----------------------------------------------------------------------------------------------------
1250890, 6482670, 3947380, 430160, 166090, 428760, 168110,----------------------------------------------------------------------------------------------------
19450380, 8216460, 212830, 2477290, 1249040, 159480, 65080,----------------------------------------------------------------------------------------------------
19809850, 724770, 774570, 2356920, 848560, 161220, 133690,----------------------------------------------------------------------------------------------------
18456090, 9643930, 328840, 624220, 330370, 549200, 294850,----------------------------------------------------------------------------------------------------
9003440, 8374030, 2126480, 2344950, 851070, 280290, 162370,----------------------------------------------------------------------------------------------------
14248380, 635550, 4028160, 2271990, 1167310, 482920, 303670,----------------------------------------------------------------------------------------------------
7357230, 920900, 1008170, 1389840, 1005670, 412920, 189270,----------------------------------------------------------------------------------------------------
1751670, 173250, 4339020, 1492080, 358540, 36000, 281460,----------------------------------------------------------------------------------------------------
3794920, 2783180, 4139980, 857810, 81080, 303590, 100980,----------------------------------------------------------------------------------------------------
9472620, 6708000, 2808250, 2167020, 1118120, 126630, 301520,----------------------------------------------------------------------------------------------------
2550770, 7201560, 2407780, 2016250, 927990, 23700, 34600,----------------------------------------------------------------------------------------------------
12574090, 1314600, 300390, 1898290, 455580, 512100, 223640,----------------------------------------------------------------------------------------------------
4659490, 8040000, 2155730, 892440, 251860, 278910, 242560,----------------------------------------------------------------------------------------------------
8090440, 8626320, 3490010, 555040, 134640, 96620, 75930,----------------------------------------------------------------------------------------------------
8146990, 857920, 946870, 581220, 1124550, 474520, 118770,----------------------------------------------------------------------------------------------------
32570, 850390, 2438340, 1443590, 535540, 343400, 307320,----------------------------------------------------------------------------------------------------
3619660, 2202310, 2515770, 1338830, 180220, 562650, 113800,----------------------------------------------------------------------------------------------------
1128240, 6136780, 766000, 521750, 172890, 615140, 104940,----------------------------------------------------------------------------------------------------
5526950, 1842610, 1016580, 1647030, 834280, 291140, 171180,----------------------------------------------------------------------------------------------------
19421930, 5623570, 3476550, 750700, 183370, 374460, 167980,----------------------------------------------------------------------------------------------------
17454760, 3766120, 256110, 668690, 303780, 623210, 169820,----------------------------------------------------------------------------------------------------
14658680, 4126310, 2474640, 1391410, 146750, 543240, 110530,----------------------------------------------------------------------------------------------------
2589290, 8748610, 1360300, 1716700, 197810, 37500, 127280,----------------------------------------------------------------------------------------------------
